10101001
10011100
11000011
01110011
01101000
10001101
10001000
10000100
10001000
10000111
10000100
01111100
01111011
01011000
01010100
01100111
01010100
01111000
01010111
01100101
01111010
01101000
10000000
10011001
10001101
10100101
10000100
10001110
10110101
10010011
10011001
10101100
10110000
10011010
10110111
10101010
10000101
10011111
10001111
10001101
01111000
01111001
10001001
10010111
10011000
10010111
01011111
01110011
01100011
01011001
01011101
01110100
01101111
01110011
01011110
10001010
10010111
10001110
01111100
10010101
10011000
10001100
10011010
10100010
10110010
10101000
10000110
11100100
10110001
10101000
10011111
10011101
10100111
10001001
01111001
10011110
10111110
10101101
10001000
10011000
01111110
01101110
01110110
01110110
01110001
01100011
01101100
01110011
10000110
10001010
10010001
01111110
10100000
10001100
10010010
10010001
11111111
10001101
10010000
10100011
10111110
11001000
10110101
10100110
10100101
10111101
10100111
10010110
10110010
10100110
10001111
01110010
01110000
01011101
01010000
01001010
01000001
01011000
01011001
01101001
01100100
01100000
01011010
01111100
01100100
01101100
01011111
01111010
11111111
11111111
10110011
10011111
11011101
11010000
11010001
11100000
11000110
11010001
10011011
10000111
10010101
01110010
01011101
01011000
01000110
01000111
00111111
01011000
01101001
01010001
01100010
01011010
01011110
01100001
01111101
01100011
01111101
01100011
01101000
01110101
11111111
11111111
11111111
10101000
11001001
11100011
11111111
11010001
11001011
10111001
10001110
10011101
01111111
01100111
01100111
01100010
01011111
01100111
01101001
01011011
01011000
01111111
01110101
10001111
10000000
01111010
10001011
10100100
10001011
10000101
01111101
10000010
11111111
11111111
11111111
10111011
10100101
11011010
11111111
11111111
11110101
10111110
10010111
10100001
01111100
01110000
01110111
01101110
01100101
01101110
01111111
01111011
10001000
10010101
10010010
10001100
10100110
10100001
10011010
10000111
10001011
01110000
10000100
10000010
11111111
11111111
11111111
11111111
10100100
11100110
11111111
11111111
11111111
11111001
10110001
10100001
01101111
01111101
10011001
01100010
10000101
01100111
10001101
10011000
10000101
10011010
10010111
10010010
01111100
01110000
10000110
01111101
01110111
01111110
01110001
01101101
11111111
11111111
11111111
11111111
11111111
10110101
11111111
11111111
11111111
11111001
10011011
10001001
10000001
01110000
01111110
01111101
10011011
10100011
10011101
10011011
10000101
10010100
10011110
10101001
10011001
10001000
01111110
10000111
10000111
01101110
01111101
01101110
11111111
11111111
11111111
11111111
11111111
10001000
11111111
11111111
11111111
11111111
10111111
10011000
01010110
01101000
01111000
10000011
10100000
10010101
10000011
10010000
10010101
10101000
10001111
01111100
01111110
10000010
01111100
01101101
10000001
01110001
10000000
01110010
11111111
11111111
11111111
11111111
11111111
11111111
11111111
11111111
11111111
11111111
11000001
01101100
01010010
01111100
01110110
10001010
10011100
10010100
10010101
10011101
10010000
10011000
10001110
10000011
10010100
10000000
01111100
01111010
10000001
01110010
01110100
01110000
11111111
11111111
11111111
11111111
11111111
11111111
11111111
11111111
11111111
11111111
11111001
10001001
01011010
01101100
10101000
10011101
10010111
10011101
10011101
10100011
10101010
10010101
10100000
10001110
10010000
01111000
01111100
01110100
10000001
10000000
10001011
01111000
11111111
11111111
11111111
11111111
11111111
11111111
11111111
11111111
11111111
11111111
11111111
10011111
01001000
01111001
10010101
10110100
10110111
10110100
10100101
11000000
10101011
10010001
10010000
10001011
10000110
01111010
10000100
01110010
01110100
01101010
01101010
01110010
11111111
11111111
11111111
11111111
11111111
11111111
11111111
11111111
11111111
11111111
11111111
01111100
00110110
10010001
11000111
10111001
10101001
10110101
10110010
10100001
10101100
10010000
10001100
01111101
10000000
01101110
01111110
01100011
01011100
01100110
10000010
01100100
11111111
11111111
11111111
11111111
11111111
11111111
11111111
11111111
11111111
11111111
11111111
10001000
00110010
10001110
11010101
11010100
11000010
10110101
11000100
10111001
10101011
10001010
10001110
01111010
01101010
01101110
01100111
01110100
01101100
01111001
10010001
10010100
11111111
11111111
11111111
11111111
11111111
11111111
11111111
11111111
11111111
11111111
11111111
10111000
00011100
10011000
11110000
11110001
11010001
10101001
10110001
10110101
10100011
10010101
10000101
01111010
01110000
01101100
01101100
10001010
01111011
10001111
10100101
10101001
11111111
11111111
11111111
11111111
11111111
11111111
11111111
11111111
11111111
11111111
11111111
10110000
01111010
10110010
11101011
11101011
11111000
11100001
10111000
10101100
10101010
10011100
10011110
10010000
01110111
10010010
01101101
01110111
10000111
10100111
10101010
10101110
11111111
11111111
11111111
11111111
11111111
11111111
11111111
11111111
11111111
11111111
11111111
11000111
01100011
11100100
11111111
11111111
11111111
11100100
11011111
10100100
10101000
10011001
01111000
10001011
10010110
10010001
10110000
10100111
10100101
10100111
10101100
10101100
11111111
11111111
11111111
11111111
11111111
11111111
11111111
11111111
11111111
11111111
11111111
11111111
10000111
11111111
11111111
11111111
11101111
11101010
11100001
11001011
10110101
10001101
10010010
10011110
01111010
10001010
10001110
10010011
10110101
10110010
10111000
10101101
11111111
11111111
11111111
11111111
11111111
11111111
11111111
11111111
11111111
11111111
11111111
11111111
11101100
11111111
11111111
11111111
11111111
11111111
11011110
11000000
10110011
10010100
10001111
01111101
10011011
10010100
10101100
10101100
10110110
10111011
10111010
10101111
11111111
11111111
11111111
11111111
11111111
11111111
11111111
11111111
11111111
11111111
11111111
11111111
11111111
11111111
11111111
11111111
11111111
11111111
11100001
11001101
11000010
10111000
10011010
10100111
10011101
10011000
10110101
10110111
10101011
11001110
11000111
10101100
11111111
11111111
11111111
11111111
11111111
11111111
11111111
11111111
11111111
11111111
11111111
11111111
11111111
11111111
11111111
11111111
11111111
11111111
11010011
11010110
11001101
10110010
10111100
10110010
10101010
10111110
10111100
11000100
11001001
11000010
10101101
10111001
11111111
11111111
11111111
11111111
11111111
11111111
11111111
11111111
11111111
11111111
11111111
11111111
11111111
11111111
11111111
11111111
11111111
11111111
11001011
11010101
11000001
10011111
10010011
10110000
10110111
10110111
10111001
11000111
11011000
11001101
10100010
10100011
11111111
11111111
11111111
11111111
11111111
11111111
11111111
11111111
11111111
11111111
11111111
11111111
11111111
11111111
11111111
11111111
11111111
11111111
11101101
11011101
11000010
11001000
11001111
11001011
10110110
10111111
10101110
11001001
10011110
10101100
11010010
10011101
11111111
11111111
11111111
11111111
11111111
11111111
11111111
11111111
11111111
11111111
11111111
11111111
11111111
11111111
11111111
11111111
11111111
11111111
11111101
11101011
11110100
11100011
11000111
11010001
11010111
11000000
10101000
10111001
10001111
10111101
10100110
10100011
11111111
11111111
11111111
11111111
11111111
11111111
11111111
11111111
11111111
11111111
11111111
11111111
11111111
11111111
11111111
11111111
11111111
11111111
11110111
11110110
11011110
11000011
11000110
11001100
11000101
10100111
10111010
11010000
10101110
10011001
10110010
10010100
11111111
11111111
11111111
11111111
11111111
11111111
11111111
11111111
11111111
11111111
11111111
11111111
11111111
11111111
11111111
11111111
11111111
11111111
11111111
11010001
11011000
11000111
11011111
11011011
11010100
10101111
10110001
10000100
10101010
10100111
10011000
10001011
11111111
11111111
11111111
11111111
11111111
11111111
11111111
11111111
11111111
11111111
11111111
11111111
11111111
11111111
11111111
11111111
11111111
11111111
11111000
11011110
11011010
11101101
11010101
11100000
10111010
10100001
10101100
10110100
10011010
10010110
10010101
10010110
11111111
11111111
11111111
11111111
11111111
11111111
11111111
11111111
11111111
11111111
11111111
11111111
11111111
11111111
11111111
11111111
11111111
11111111
11111111
11011110
11100100
11011101
11100000
11100011
11100001
10100001
10001101
10001111
10100010
10001001
10010001
10010100
11111111
11111111
11111111
11111111
11111111
11111111
11111111
11111111
11111111
11111111
11111111
11111111
11111111
11111111
11111111
11111111
11111111
11111111
11111101
11111100
11101101
11010101
11100001
11000110
10110000
10010110
10011001
10001100
10000000
01111100
10000100
10000001
11111111
11111111
11111111
11111111
11111111
11111111
11111111
11111111
11111111
11111111
11111111
11111111
11111111
11111111
11111111
11111111
11111111
11111111
11111111
11101111
11011010
11011100
11010100
11001100
10111110
10010101
10011111
10001001
10010001
10001011
10100001
10001100
11111111
11111111
11111111
11111111
11111111
11111111
11111111
11111111
11111111
11111111
11111111
11111111
11111111
11111111
11111111
11111111
11111111
11111111
11111111
11011101
11110010
11011000
11011010
11001010
10100000
11111111
10001000
10000011
10001100
10010100
10100110
10001011
