526,488,527,487,420,518,532,483,420,518,531,483,419,518,533,483,423,517,0,0,117
534,482,535,482,420,518,538,480,419,518,538,480,420,518,548,482,423,517,0,1,129
548,481,548,480,420,518,554,480,419,518,554,480,419,518,564,483,423,517,0,2,132
562,481,560,481,420,519,576,482,419,518,576,481,419,518,576,489,422,517,0,3,92
576,483,576,483,420,518,577,489,419,518,577,490,419,518,578,499,422,517,0,4,118
577,492,577,492,420,518,582,498,419,518,582,497,419,518,580,502,422,517,0,5,110
580,497,579,496,420,518,582,501,419,518,582,501,419,518,581,507,422,517,0,6,110
582,500,582,500,420,518,583,506,419,518,583,506,419,518,582,516,423,517,0,7,119
582,503,582,503,420,518,583,515,419,518,584,514,419,518,582,518,422,517,0,8,112
583,506,583,506,420,518,583,517,420,518,585,517,418,518,581,520,423,517,0,9,110
583,514,582,513,420,518,582,518,418,518,583,518,418,518,580,522,422,517,0,10,116
582,516,583,516,420,518,583,518,418,518,582,519,418,518,580,522,423,517,0,11,118
582,517,582,517,420,518,582,522,419,518,582,522,419,518,580,528,422,517,0,12,115
583,518,583,518,420,518,582,522,418,518,582,522,419,518,579,527,422,517,0,13,115
584,518,582,518,420,518,582,523,418,518,582,523,418,518,579,532,422,517,0,14,117
583,519,582,518,420,518,582,523,419,518,582,525,418,518,578,532,422,517,0,15,113
582,524,582,522,420,518,582,527,418,518,582,526,418,518,577,533,422,516,0,16,114
582,524,582,523,420,518,582,530,417,518,582,529,418,518,577,534,422,517,0,17,114
582,524,582,524,420,518,582,531,417,518,582,531,418,518,577,534,423,517,0,18,112
582,525,582,525,420,518,582,533,418,518,582,532,417,518,577,534,422,517,0,19,112
581,526,582,526,420,518,582,533,418,518,582,532,418,518,577,534,422,517,0,20,110
581,526,582,527,420,519,581,534,419,518,582,533,419,518,576,534,423,516,0,21,109
581,526,581,527,420,519,581,534,419,518,581,534,418,518,576,534,422,517,0,22,110
581,527,580,527,420,518,581,534,418,518,581,534,418,518,576,534,423,517,0,23,109
580,527,580,527,420,518,581,534,418,518,580,534,418,518,576,535,422,517,0,24,110
580,528,580,528,420,518,580,534,418,518,581,534,419,518,576,535,422,517,0,25,108
579,528,580,527,420,518,580,534,418,518,580,534,419,518,576,537,423,517,0,26,112
580,526,580,529,420,518,580,534,419,518,580,534,419,518,576,536,422,517,0,27,111
580,527,580,527,420,518,580,534,419,518,580,534,418,518,576,536,422,517,0,28,110
580,527,580,528,420,518,580,534,419,518,580,534,418,518,576,536,423,517,0,29,111
581,530,580,528,420,518,580,534,418,518,580,534,418,518,576,537,422,517,0,30,112
580,528,580,528,420,518,580,534,418,518,580,534,418,518,576,537,422,517,0,31,112
518,491,519,492,419,518,522,485,417,518,522,485,417,518,523,484,422,517,1,0,119
528,483,527,483,419,518,534,480,417,518,534,480,417,518,537,480,422,517,1,1,122
535,478,536,478,419,518,546,468,418,518,547,470,417,518,550,477,422,517,1,2,97
548,466,550,467,418,518,564,470,417,518,560,468,418,518,576,480,422,517,1,3,124
573,462,563,468,419,518,576,480,417,518,576,480,417,518,578,485,422,517,1,4,115
576,480,576,481,418,518,582,484,417,518,582,485,416,518,582,497,421,517,1,5,106
580,484,580,484,419,518,589,496,416,518,589,496,416,518,587,503,422,517,1,6,109
585,494,584,494,419,518,596,501,416,518,595,501,416,518,589,514,422,517,1,7,94
588,500,589,500,418,518,596,506,416,518,596,506,415,518,589,518,421,517,1,8,98
591,503,594,504,419,518,596,517,415,518,596,516,416,518,587,522,421,517,1,9,106
592,507,592,506,420,518,596,518,417,518,596,518,416,518,585,524,421,516,1,10,101
594,515,591,516,418,518,596,522,417,518,595,522,416,518,582,532,421,517,1,11,92
593,518,592,518,419,519,594,525,416,517,593,525,417,518,582,534,422,517,1,12,100
590,518,590,518,419,518,592,528,416,518,593,529,416,518,582,534,421,517,1,13,99
590,522,590,522,419,519,588,532,417,518,589,533,416,518,582,536,422,517,1,14,113
591,525,590,524,419,518,588,534,417,518,588,534,416,518,581,538,421,517,1,15,113
587,526,590,524,419,518,587,534,417,518,587,534,417,518,580,538,422,517,1,16,114
588,527,588,527,419,519,585,535,417,518,586,536,416,518,580,538,421,517,1,17,115
587,528,588,528,419,518,585,538,416,518,583,537,417,518,579,538,421,516,1,18,120
587,526,586,531,418,518,583,538,416,518,583,537,416,518,579,538,421,516,1,19,118
585,531,584,530,419,518,583,538,417,518,582,538,416,518,578,538,421,516,1,20,112
585,532,585,531,419,518,582,538,416,518,582,538,416,518,577,538,421,516,1,21,116
584,531,583,533,419,518,582,538,416,518,582,538,416,518,577,538,421,517,1,22,112
585,533,585,532,418,518,582,538,417,518,582,538,416,518,577,538,421,516,1,23,115
585,533,586,533,419,518,582,538,416,518,582,538,416,518,577,539,421,516,1,24,122
583,533,584,533,419,518,582,538,415,518,582,538,417,518,577,539,421,517,1,25,114
583,534,583,533,419,518,582,538,417,518,582,538,417,518,577,541,422,517,1,26,110
582,534,583,534,418,518,582,538,417,518,582,539,416,518,576,539,421,516,1,27,107
582,535,583,534,419,518,582,538,416,518,582,538,417,518,576,540,422,517,1,28,111
582,535,583,535,418,518,582,538,416,518,582,538,416,518,576,543,421,516,1,29,113
582,535,583,536,418,518,582,539,416,518,582,539,415,518,576,541,421,516,1,30,114
582,537,583,537,418,518,582,538,416,518,582,538,416,518,576,543,421,516,1,31,113
518,495,518,495,418,518,518,494,412,518,518,492,412,518,518,487,421,517,2,0,140
522,486,523,485,418,518,524,481,412,518,522,481,413,518,531,480,420,516,2,1,132
530,478,528,480,419,518,536,468,411,518,536,470,412,518,538,470,421,517,2,2,118
538,468,538,470,418,518,550,459,413,518,550,455,412,518,555,467,420,517,2,3,95
554,456,557,460,418,518,576,459,412,518,576,463,411,518,576,478,420,517,2,4,94
574,462,576,458,418,518,582,474,412,518,581,475,412,518,585,485,420,517,2,5,142
578,478,579,472,418,518,595,484,410,518,594,484,410,518,596,500,420,516,2,6,119
584,484,585,483,418,519,598,497,411,518,598,497,411,518,597,506,420,517,2,7,120
594,494,592,496,419,518,599,504,410,518,599,505,410,518,597,518,420,517,2,8,127
596,500,596,500,418,519,602,516,412,518,601,516,410,518,596,524,420,517,2,9,118
597,506,597,506,418,518,598,518,410,518,599,518,413,518,595,532,420,516,2,10,128
598,515,597,514,418,518,598,523,411,518,598,524,411,518,592,534,420,516,2,11,124
597,518,597,518,417,518,597,531,410,518,598,531,410,518,586,538,420,517,2,12,119
596,520,596,520,418,519,596,534,410,518,596,534,411,518,583,538,420,516,2,13,116
596,526,595,525,418,518,596,536,410,518,596,537,410,518,582,538,420,517,2,14,112
596,529,596,528,418,518,595,538,410,518,594,538,410,518,582,541,420,516,2,15,121
593,530,593,531,417,519,591,538,411,518,594,538,410,518,581,547,420,517,2,16,119
592,531,591,533,419,518,588,538,411,518,590,538,410,518,580,548,420,517,2,17,130
589,534,591,533,417,518,587,539,410,518,587,540,410,518,580,549,420,516,2,18,133
590,534,589,534,419,518,586,545,410,518,586,542,411,518,579,549,420,516,2,19,128
590,536,588,537,418,518,583,547,411,518,584,548,410,518,578,549,420,517,2,20,129
588,538,589,538,418,518,583,548,410,518,583,548,410,518,578,549,420,516,2,21,132
587,538,588,538,418,518,582,548,412,518,582,548,411,518,577,550,420,516,2,22,131
588,538,586,538,418,518,582,549,410,518,583,548,411,518,576,550,420,517,2,23,126
583,538,584,538,417,518,582,549,411,518,582,549,410,518,576,550,421,517,2,24,124
584,538,584,538,418,518,582,549,411,518,582,549,410,518,576,550,420,516,2,25,124
584,538,583,538,418,518,582,550,412,518,582,549,411,518,576,550,420,516,2,26,120
583,538,584,538,418,518,582,549,411,518,582,550,410,518,576,550,420,517,2,27,122
584,538,584,538,418,518,582,550,411,518,582,550,411,518,576,550,420,516,2,28,119
583,538,583,538,418,518,581,550,410,518,582,550,410,518,576,550,420,517,2,29,122
583,538,583,538,418,518,581,550,411,518,581,550,411,518,576,550,420,517,2,30,121
582,539,582,538,419,518,581,550,411,518,580,550,410,518,576,550,420,517,2,31,124
517,497,517,498,418,518,518,495,410,518,518,495,410,518,518,492,420,517,3,0,137
518,488,518,491,418,518,522,483,410,518,521,482,410,518,523,482,420,516,3,1,123
525,481,525,482,418,518,530,471,410,518,531,471,410,518,534,470,420,517,3,2,122
532,461,532,463,417,518,538,459,410,518,538,452,410,518,550,455,420,517,3,3,139
542,453,543,459,416,518,559,448,410,518,560,448,410,518,576,464,420,516,3,4,113
564,449,567,458,418,519,578,449,410,518,578,452,410,518,582,480,420,516,3,5,88
576,462,577,458,418,518,591,479,410,518,590,478,410,517,597,496,420,517,3,6,139
584,478,583,474,417,519,598,490,410,518,598,490,410,518,600,503,420,516,3,7,124
595,487,594,486,418,518,603,501,410,518,603,501,410,518,602,517,420,516,3,8,127
598,497,598,498,418,518,609,515,410,518,610,515,410,518,598,524,420,517,3,9,98
600,502,600,502,417,518,606,519,410,518,604,519,410,518,597,534,420,517,3,10,118
602,513,602,514,417,518,602,527,410,518,602,527,410,518,596,538,420,516,3,11,124
601,518,601,518,416,518,600,534,410,518,601,534,410,518,590,539,420,517,3,12,118
598,523,598,524,417,518,598,538,410,518,598,538,410,518,586,548,420,517,3,13,120
598,527,598,526,417,518,597,538,410,518,597,538,410,518,582,549,420,516,3,14,119
597,531,597,529,418,518,596,540,410,518,596,542,410,518,582,550,420,516,3,15,117
596,534,596,534,417,519,596,548,410,518,593,548,410,518,580,550,420,516,3,16,113
596,537,594,536,417,518,590,549,410,518,591,549,410,518,580,551,420,517,3,17,120
592,538,592,538,417,518,586,550,410,518,587,549,410,518,579,553,420,516,3,18,131
592,538,593,538,417,518,585,550,410,518,585,550,410,518,577,554,420,516,3,19,135
591,538,590,538,418,518,583,550,410,518,582,550,410,518,576,555,420,516,3,20,135
588,538,588,538,416,518,582,552,410,518,582,552,410,518,576,554,420,516,3,21,126
588,540,588,541,417,518,582,553,410,518,582,553,410,518,576,554,420,516,3,22,125
587,546,587,546,417,518,582,554,410,518,582,554,410,518,576,555,420,516,3,23,130
584,548,585,548,417,518,582,554,410,518,582,554,410,518,576,554,420,517,3,24,125
584,548,585,548,417,518,581,554,410,518,581,555,410,518,576,554,420,516,3,25,126
584,548,583,548,418,518,580,554,410,518,580,554,410,518,576,556,420,516,3,26,131
583,548,583,548,418,518,580,554,410,518,580,554,410,518,576,554,420,517,3,27,129
583,548,583,548,418,518,580,554,410,518,580,554,410,518,576,554,420,517,3,28,129
582,549,583,549,417,518,580,554,410,518,579,554,410,518,576,554,420,516,3,29,129
582,549,583,549,417,518,579,555,410,518,579,554,410,518,576,555,420,517,3,30,131
582,551,581,549,417,519,579,554,410,518,579,554,410,518,576,554,420,516,3,31,128
517,500,516,499,417,518,516,497,410,518,517,497,410,518,516,496,420,516,4,0,129
518,495,518,493,417,518,518,483,410,518,518,484,410,518,520,484,420,516,4,1,118
519,483,519,483,417,518,523,480,410,518,523,480,410,518,530,480,420,516,4,2,134
527,476,527,477,417,518,534,459,410,518,534,462,410,518,538,463,420,516,4,3,114
538,463,538,460,417,519,550,447,410,518,550,447,410,518,568,449,420,516,4,4,137
550,452,550,451,417,518,576,447,410,518,576,447,410,518,580,461,420,517,4,5,98
576,455,575,449,415,519,585,457,410,518,586,457,410,518,597,484,420,517,4,6,123
580,456,580,460,415,518,598,481,410,518,598,482,410,518,602,500,420,516,4,7,127
594,480,594,480,415,518,612,498,409,518,611,498,409,518,609,517,420,517,4,8,118
598,492,598,494,417,518,612,510,410,518,612,510,410,518,602,527,420,516,4,9,101
602,500,602,500,414,518,612,521,410,518,612,520,410,518,598,537,419,516,4,10,95
602,508,603,507,417,518,611,531,410,518,611,531,410,518,596,539,420,516,4,11,97
602,518,602,518,417,518,602,537,410,518,602,538,410,518,592,549,420,516,4,12,118
602,524,602,526,416,518,600,538,410,518,599,538,410,518,585,550,420,517,4,13,119
600,529,600,531,416,518,597,548,409,518,597,548,410,517,582,554,420,517,4,14,114
598,534,598,534,415,518,596,550,410,518,596,550,410,518,580,554,420,516,4,15,104
597,538,597,538,413,518,592,550,410,518,592,551,410,518,579,556,420,516,4,16,115
596,538,595,538,416,518,588,554,410,518,588,553,410,518,577,556,419,516,4,17,123
594,539,593,539,415,518,585,554,410,518,585,554,410,518,576,556,420,517,4,18,125
590,547,590,545,415,518,582,555,410,518,582,554,410,518,576,554,420,516,4,19,130
589,548,588,548,416,519,582,557,410,518,582,557,410,518,576,559,420,516,4,20,129
587,549,588,549,417,518,582,557,410,518,582,554,410,518,576,560,420,516,4,21,138
585,550,587,549,416,518,580,560,410,518,580,560,410,518,576,558,420,516,4,22,129
584,551,585,550,417,518,580,556,410,518,580,560,410,518,576,560,420,517,4,23,130
584,551,583,550,417,519,579,559,409,518,579,557,410,518,576,558,420,516,4,24,131
583,550,583,550,415,518,579,564,410,518,578,558,409,518,576,564,420,516,4,25,139
582,553,583,550,416,518,578,563,410,518,578,560,410,518,575,561,420,516,4,26,129
581,550,581,552,416,518,577,563,410,518,577,561,410,518,576,561,420,516,4,27,130
580,554,581,552,415,518,577,562,410,518,577,561,410,518,576,561,420,517,4,28,131
580,553,580,554,415,518,577,565,410,518,576,566,410,518,576,560,420,516,4,29,119
580,554,580,557,417,518,576,565,410,518,576,565,410,518,574,566,420,517,4,30,132
579,557,579,554,417,518,576,561,410,518,576,567,410,518,573,558,420,516,4,31,116
516,497,518,499,415,518,495,499,410,518,499,487,410,518,516,484,420,517,5,0,124
516,495,517,495,415,518,517,485,410,518,517,484,410,517,518,485,420,516,5,1,117
518,485,518,484,415,518,522,481,410,518,522,480,410,518,523,480,420,516,5,2,127
524,481,524,479,413,518,532,470,410,518,530,470,410,518,534,467,420,517,5,3,127
531,459,532,462,414,518,540,448,409,518,540,447,409,518,555,447,420,516,5,4,135
544,454,541,453,413,518,575,447,410,518,576,447,409,518,577,451,420,516,5,5,102
567,447,564,449,415,518,582,447,409,518,582,447,409,518,597,478,420,516,5,6,109
577,451,578,455,413,518,598,468,409,518,598,470,410,518,611,497,420,517,5,7,133
591,467,591,457,412,518,612,496,409,518,612,496,409,518,612,516,420,516,5,8,128
601,484,602,485,413,518,616,506,410,518,615,506,409,518,611,532,420,516,5,9,119
611,500,610,500,412,518,614,520,409,518,614,520,409,518,602,538,420,516,5,10,108
612,506,612,506,412,520,612,534,409,517,612,534,409,518,597,549,420,516,5,11,111
612,518,611,518,412,518,611,538,409,518,611,538,409,518,593,553,420,516,5,12,106
609,526,608,526,414,518,602,549,410,517,602,549,410,518,582,556,420,516,5,13,110
602,534,602,533,412,518,598,551,409,518,598,551,409,518,582,561,420,516,5,14,112
599,538,599,538,413,518,596,555,409,518,596,555,409,518,579,564,419,516,5,15,107
597,539,597,538,414,518,591,556,409,518,589,556,409,518,577,570,420,516,5,16,131
596,548,596,548,412,518,584,560,409,517,585,559,410,518,576,568,420,516,5,17,134
595,549,593,549,414,518,582,558,410,518,582,565,409,518,576,571,420,516,5,18,141
589,550,589,550,411,518,582,570,410,517,582,571,410,518,576,568,420,516,5,19,107
589,552,587,552,414,518,580,571,409,518,580,571,410,518,576,573,420,517,5,20,124
585,552,585,553,413,518,579,573,410,518,580,573,409,518,576,572,420,516,5,21,118
583,555,583,554,413,518,578,573,410,518,578,574,410,518,576,573,420,517,5,22,120
583,560,582,558,415,518,577,571,409,518,577,574,409,518,574,573,420,516,5,23,124
582,561,582,558,413,518,577,575,409,518,576,572,409,517,571,575,420,516,5,24,125
581,560,580,556,411,519,576,575,410,518,576,575,409,518,570,573,420,516,5,25,108
580,562,580,558,414,519,576,574,409,518,576,575,409,518,567,571,420,517,5,26,104
580,559,580,558,413,518,576,576,409,518,576,574,410,518,562,574,420,516,5,27,100
579,558,578,564,412,518,576,575,410,518,576,573,409,518,561,572,420,517,5,28,99
577,561,579,558,413,518,576,576,409,518,576,575,409,518,557,573,420,517,5,29,87
577,562,578,561,412,519,576,574,410,518,576,575,409,518,557,571,420,516,5,30,87
578,561,577,562,412,518,576,573,410,517,576,575,410,518,556,572,420,516,5,31,89
509,552,468,471,412,518,525,515,409,518,449,484,408,517,535,528,420,516,6,0,255
516,498,516,498,412,518,514,483,408,518,514,483,409,518,518,489,420,517,6,1,112
517,485,517,488,412,518,519,483,409,517,518,483,409,518,522,482,419,516,6,2,126
521,482,521,482,413,518,525,471,409,518,523,472,409,518,531,470,420,517,6,3,128
526,468,529,464,412,519,538,449,409,518,538,450,409,518,548,447,419,516,6,4,127
538,451,538,452,410,518,554,447,410,518,554,447,409,517,576,447,420,516,6,5,154
555,447,558,447,410,518,579,447,409,518,578,447,408,518,596,459,420,516,6,6,136
576,447,576,449,411,519,597,456,408,518,597,456,409,518,612,489,420,517,6,7,123
589,457,589,453,411,518,613,484,408,518,613,484,409,518,615,514,419,516,6,8,120
601,481,601,479,410,519,619,505,407,518,619,505,407,518,612,533,419,517,6,9,115
612,495,611,495,411,518,618,520,409,518,618,522,408,518,603,544,419,516,6,10,102
612,506,613,506,411,518,614,535,408,518,614,534,408,518,597,552,419,516,6,11,105
612,518,612,518,411,518,611,545,408,518,611,546,409,518,590,557,419,516,6,12,98
611,528,612,527,410,518,602,551,408,518,602,550,408,518,582,568,420,517,6,13,122
602,536,603,536,411,519,597,554,409,518,597,554,409,518,580,573,420,517,6,14,124
601,538,601,538,412,518,594,565,409,518,595,563,408,517,576,576,419,517,6,15,109
597,548,597,548,411,518,587,572,408,517,586,570,408,518,576,576,419,516,6,16,121
594,550,596,550,411,518,582,574,409,518,582,574,408,518,576,576,420,516,6,17,126
592,554,592,552,412,518,581,574,408,517,581,575,408,518,576,576,420,516,6,18,125
590,558,587,554,411,518,580,576,408,518,579,575,409,518,574,576,420,516,6,19,118
585,559,583,559,410,518,577,576,408,518,578,576,409,518,573,576,419,516,6,20,117
584,556,583,558,412,519,576,576,408,518,576,576,408,518,570,576,419,517,6,21,118
582,560,581,563,410,518,576,576,408,518,576,576,409,518,559,576,419,517,6,22,98
581,563,580,564,411,518,576,576,409,518,576,576,408,518,560,576,419,517,6,23,101
580,566,580,566,411,518,576,576,408,518,576,576,408,517,560,576,420,516,6,24,105
578,567,578,566,411,518,576,576,408,518,576,576,408,518,556,573,420,516,6,25,95
577,570,577,561,410,518,576,576,408,518,576,576,409,518,554,575,420,516,6,26,86
577,567,577,568,411,518,576,576,409,518,576,576,409,518,555,576,419,516,6,27,95
576,567,577,568,412,518,576,576,408,518,576,576,408,518,554,573,420,516,6,28,97
577,569,576,564,412,518,576,576,409,517,576,576,409,518,554,576,420,516,6,29,89
576,568,576,568,410,518,575,576,409,518,576,576,409,518,553,576,420,516,6,30,91
576,564,576,572,411,518,573,576,408,518,573,576,409,518,552,573,420,516,6,31,101
505,570,469,490,412,518,531,492,408,517,559,447,407,517,479,527,420,516,7,0,255
528,491,496,487,410,518,480,512,409,518,487,507,408,518,517,488,420,516,7,1,255
516,488,516,487,410,518,518,484,408,518,518,484,408,518,519,484,420,516,7,2,128
518,483,519,483,410,518,522,480,408,518,522,480,408,518,524,474,419,516,7,3,141
526,474,527,469,410,518,534,449,408,518,534,453,408,518,538,447,420,516,7,4,131
534,457,534,450,410,518,549,447,408,518,549,447,408,518,576,447,419,516,7,5,160
548,449,548,447,411,518,576,447,407,518,576,446,407,518,588,447,419,516,7,6,144
574,447,573,446,410,518,596,447,408,518,596,447,408,518,612,483,419,517,7,7,107
583,448,584,451,410,518,614,480,407,518,614,481,407,518,620,508,420,517,7,8,133
598,468,598,467,411,519,625,502,407,518,626,501,407,518,616,534,419,516,7,9,103
612,491,612,492,410,518,625,521,407,518,626,522,407,518,610,549,420,516,7,10,103
614,503,615,504,410,518,618,537,407,518,618,537,408,518,598,558,419,516,7,11,104
614,518,614,518,410,518,612,549,407,518,612,549,407,518,588,574,419,516,7,12,114
612,531,612,529,410,518,602,554,407,518,602,556,408,518,582,575,420,516,7,13,127
608,538,608,538,410,518,596,573,407,517,596,574,408,518,577,576,419,516,7,14,101
602,548,602,547,410,518,590,575,407,518,592,575,407,518,576,576,419,516,7,15,109
597,550,597,552,410,518,582,576,407,518,582,576,408,518,576,576,419,516,7,16,127
595,555,594,556,410,518,581,576,407,518,581,576,408,518,575,576,419,516,7,17,126
589,565,590,559,411,518,579,576,408,518,579,576,407,518,570,576,419,516,7,18,122
586,560,587,562,410,518,577,576,407,517,576,576,407,518,562,576,420,516,7,19,117
583,563,583,564,410,518,576,576,407,518,576,576,408,518,557,575,420,516,7,20,106
580,566,581,563,410,519,576,576,408,518,576,576,407,517,555,576,419,516,7,21,101
579,564,579,567,410,519,576,576,407,518,576,576,408,517,554,576,420,516,7,22,101
578,567,578,571,410,518,576,576,408,518,576,576,408,517,554,576,419,517,7,23,100
577,568,577,570,410,518,576,576,409,518,576,576,408,518,552,576,420,517,7,24,98
576,570,576,569,410,518,575,576,408,518,575,576,407,518,550,573,419,516,7,25,96
576,568,576,566,410,518,572,576,407,518,573,576,408,518,550,575,419,516,7,26,99
576,569,576,570,410,518,573,576,408,517,572,576,408,518,550,576,419,516,7,27,104
576,570,576,569,410,518,573,576,407,517,572,576,407,518,550,576,419,517,7,28,107
576,567,576,569,410,518,571,576,407,517,566,576,407,518,549,574,419,516,7,29,116
575,572,575,572,410,518,563,576,408,518,566,576,407,517,549,575,419,516,7,30,122
576,570,575,570,410,518,558,576,408,517,560,576,407,518,549,573,419,516,7,31,130
460,573,507,516,412,518,484,572,408,517,509,475,407,517,512,541,419,517,8,0,255
504,553,554,497,411,518,505,446,408,518,527,481,407,518,485,486,419,516,8,1,255
512,488,512,488,410,518,518,486,407,517,518,488,408,517,518,485,420,516,8,2,138
518,483,518,485,410,518,521,481,407,518,522,481,407,518,522,480,419,516,8,3,129
524,480,523,481,410,518,530,463,408,517,529,459,407,518,535,451,419,516,8,4,150
530,462,528,456,410,518,538,447,407,517,538,447,407,517,554,447,419,516,8,5,141
538,448,538,447,410,518,576,446,406,518,575,446,407,518,582,447,419,517,8,6,127
561,446,566,446,410,518,587,447,406,518,587,447,408,518,612,472,420,516,8,7,142
579,446,580,447,410,518,614,470,406,517,614,470,406,518,628,506,419,516,8,8,135
598,459,598,457,411,518,628,500,407,518,628,500,406,518,621,534,419,516,8,9,117
612,486,613,485,410,518,628,521,406,517,629,521,406,518,612,553,420,516,8,10,111
619,501,618,501,410,518,620,538,406,518,621,538,406,517,598,573,419,517,8,11,120
618,518,620,518,410,518,612,554,407,517,612,553,406,517,586,576,419,516,8,12,119
614,533,614,533,410,518,602,566,406,517,602,573,406,518,580,576,419,516,8,13,107
611,538,611,538,410,518,596,576,407,518,595,576,407,517,576,576,419,516,8,14,107
602,550,602,550,410,518,585,576,406,518,586,576,406,518,576,576,420,516,8,15,124
597,555,597,557,410,518,582,576,407,517,582,576,407,518,575,576,419,516,8,16,132
594,564,594,560,410,518,579,576,406,517,578,576,407,518,561,576,419,516,8,17,122
588,566,587,568,410,518,576,576,407,518,576,576,406,518,554,576,419,516,8,18,120
583,568,583,569,410,518,576,576,406,518,576,576,406,517,555,576,419,516,8,19,115
580,573,580,567,410,519,576,576,408,518,576,576,407,517,554,576,418,516,8,20,104
579,571,578,574,410,518,576,576,406,518,576,576,407,517,550,576,419,516,8,21,109
578,572,577,572,410,518,576,576,407,517,576,576,407,518,550,576,418,516,8,22,103
576,573,576,573,410,518,573,576,407,518,573,576,407,518,550,576,420,516,8,23,112
576,574,576,574,410,518,566,576,406,518,570,576,407,517,549,576,419,517,8,24,121
576,575,576,571,410,518,565,576,406,518,563,576,406,518,549,576,419,516,8,25,130
576,571,576,574,410,518,557,576,407,518,555,576,407,518,548,576,419,516,8,26,151
576,572,575,574,410,518,554,576,406,518,561,576,407,518,548,574,419,516,8,27,142
576,574,575,575,410,518,555,576,407,518,554,576,406,518,547,576,419,516,8,28,152
572,576,575,572,410,518,554,576,407,517,554,576,407,518,542,575,419,517,8,29,143
574,573,571,574,410,519,555,576,406,518,555,576,406,518,540,575,419,516,8,30,138
570,572,569,572,410,518,554,576,406,518,554,576,407,518,539,575,418,516,8,31,131
482,570,467,523,410,518,437,535,406,517,605,506,408,517,510,479,419,516,9,0,255
566,543,557,469,410,518,509,448,406,518,480,500,406,518,555,433,419,516,9,1,255
503,501,504,501,410,518,517,494,406,518,518,492,407,518,518,491,419,516,9,2,130
518,490,518,487,410,518,518,482,406,517,518,482,406,517,521,480,418,516,9,3,131
520,482,519,481,410,518,525,468,407,518,525,470,407,518,533,453,419,517,9,4,167
528,460,526,460,410,518,538,447,406,518,538,447,406,518,550,447,419,516,9,5,130
538,451,538,449,410,518,554,445,406,517,558,445,406,518,580,446,420,516,9,6,162
554,446,555,446,410,518,582,445,406,518,582,444,406,518,612,456,419,516,9,7,160
578,446,577,446,410,518,613,453,406,518,613,453,407,518,630,502,419,516,9,8,123
597,451,597,450,410,518,631,497,407,518,631,498,406,518,628,537,418,516,9,9,125
614,482,614,481,410,518,632,521,407,518,633,521,406,518,612,556,419,516,9,10,105
619,500,621,500,410,518,626,538,406,518,627,538,406,518,597,576,419,516,9,11,110
622,519,619,518,410,518,613,559,406,518,612,557,406,518,582,576,420,516,9,12,108
615,533,617,533,410,518,601,576,406,517,601,575,406,518,577,576,419,516,9,13,104
611,548,612,549,410,518,592,576,406,518,595,576,406,518,576,576,419,516,9,14,122
602,555,602,559,410,518,582,576,406,517,582,576,406,517,576,576,419,516,9,15,140
596,562,595,565,410,519,580,576,406,517,579,576,406,518,556,576,419,517,9,16,124
591,569,590,569,410,518,576,576,406,518,576,576,406,518,555,576,419,516,9,17,129
584,572,583,573,410,518,576,576,406,518,576,576,406,518,553,576,419,516,9,18,120
580,574,580,573,410,518,576,576,406,518,576,576,406,518,550,576,419,516,9,19,113
577,572,578,573,410,519,576,576,406,518,576,576,406,518,550,576,419,516,9,20,109
578,574,577,574,410,518,570,576,406,518,571,576,406,517,548,576,419,516,9,21,120
576,574,576,576,410,518,564,576,406,517,563,576,406,517,547,576,419,516,9,22,136
576,574,576,576,410,518,554,576,406,518,557,576,406,517,543,576,418,516,9,23,149
574,574,575,576,410,518,555,576,406,518,556,576,406,518,539,576,419,516,9,24,145
576,575,575,576,410,518,554,576,406,518,554,576,406,518,539,576,418,516,9,25,150
571,576,570,576,410,518,554,576,406,517,555,576,406,518,538,576,419,516,9,26,141
569,575,573,575,410,518,552,576,406,518,552,576,406,518,538,575,419,516,9,27,147
567,574,566,574,410,518,551,576,406,517,550,576,406,517,538,575,419,516,9,28,138
561,574,568,576,410,518,550,576,406,518,550,576,406,517,538,576,419,516,9,29,145
565,576,564,574,410,518,550,576,406,518,550,576,406,517,538,573,418,516,9,30,131
560,573,563,575,410,518,550,576,406,518,550,576,407,518,538,574,419,516,9,31,134
588,616,651,495,410,518,515,519,406,518,516,544,407,518,525,498,419,516,10,0,255
448,448,517,487,410,518,555,533,407,517,541,499,406,517,526,470,419,516,10,1,255
517,399,459,425,410,519,545,465,406,517,562,531,406,518,537,491,419,517,10,2,255
518,490,518,489,410,518,518,484,407,518,518,484,406,518,519,482,419,516,10,3,130
518,482,518,483,410,519,522,468,406,518,522,470,406,518,527,457,418,516,10,4,149
527,468,527,463,410,518,534,447,406,518,534,447,406,518,542,447,419,516,10,5,123
533,453,534,451,410,518,551,445,406,518,552,445,406,518,576,443,419,516,10,6,164
549,446,549,446,410,518,578,442,407,517,578,442,406,518,611,447,419,516,10,7,173
576,445,576,445,410,518,612,447,406,518,612,447,406,518,634,500,419,517,10,8,126
595,446,594,447,410,518,634,494,406,518,634,493,406,518,630,538,419,517,10,9,124
614,472,613,471,410,518,634,521,406,517,634,522,406,517,613,571,419,516,10,10,124
622,498,624,499,410,518,628,548,406,518,628,548,406,518,597,576,419,517,10,11,102
624,519,624,518,410,518,613,574,406,517,613,573,406,517,582,577,419,516,10,12,93
619,536,618,537,410,518,598,576,406,518,598,576,406,517,576,578,418,516,10,13,114
612,550,612,550,410,518,589,576,406,518,589,576,406,517,576,577,419,516,10,14,133
602,565,602,563,410,519,581,576,406,517,581,576,406,518,565,576,419,516,10,15,137
594,571,595,573,410,518,576,577,406,517,577,577,406,517,554,576,419,516,10,16,137
588,572,587,575,410,518,576,577,406,517,576,576,406,518,550,576,419,516,10,17,127
582,575,583,576,410,519,576,576,406,517,576,577,406,518,549,576,418,516,10,18,118
579,575,578,576,410,518,572,576,406,518,572,576,406,518,548,576,419,516,10,19,124
576,576,576,576,410,518,560,576,406,517,561,576,406,518,541,576,418,516,10,20,136
576,576,576,576,410,518,554,576,406,518,556,576,406,517,538,576,419,516,10,21,147
576,575,575,576,410,518,554,576,406,518,554,576,406,517,538,576,419,516,10,22,150
574,576,572,574,410,518,553,576,406,518,553,576,406,518,538,576,419,516,10,23,141
574,576,571,575,410,518,551,576,406,518,551,576,406,517,538,576,418,516,10,24,143
566,575,565,575,410,518,550,576,406,518,550,576,407,518,538,575,419,516,10,25,139
570,574,566,576,410,518,550,576,406,518,550,576,406,518,538,574,418,516,10,26,140
564,576,564,574,410,518,549,576,406,518,549,576,406,517,538,576,419,516,10,27,139
563,575,560,574,410,519,548,576,406,518,549,576,406,518,537,574,419,516,10,28,131
561,574,561,575,410,518,548,576,406,518,548,576,406,518,536,572,418,516,10,29,130
557,575,557,575,410,518,548,576,406,517,548,576,406,518,536,573,418,516,10,30,126
556,575,556,575,410,518,548,576,406,517,548,576,406,517,535,570,418,516,10,31,122
485,384,559,523,411,518,541,469,407,517,598,437,407,517,618,498,418,516,11,0,255
443,521,463,455,410,518,493,497,407,517,561,533,406,517,522,554,418,516,11,1,255
490,472,543,503,410,518,469,493,406,518,519,513,406,518,468,430,418,516,11,2,255
517,492,518,493,410,518,518,485,406,518,518,485,406,517,518,484,419,516,11,3,124
518,484,518,484,410,518,521,478,406,518,522,478,406,518,525,465,419,516,11,4,160
524,474,523,479,410,518,532,449,406,518,531,449,406,518,538,447,419,516,11,5,147
530,457,530,459,410,518,549,446,406,517,548,446,406,517,576,442,419,517,11,6,160
540,447,539,447,410,518,576,442,406,518,576,442,406,518,605,446,419,517,11,7,160
575,444,572,444,410,518,611,446,406,518,610,447,406,518,635,497,419,516,11,8,135
593,445,591,446,410,518,634,485,406,518,634,485,406,517,634,538,419,517,11,9,128
614,458,613,465,410,518,641,520,406,518,642,521,406,518,614,576,419,516,11,10,119
627,497,626,496,410,518,630,549,406,518,630,550,406,518,596,577,418,516,11,11,101
627,518,628,518,410,519,613,576,406,518,613,576,406,518,580,580,418,516,11,12,98
620,538,621,538,410,519,598,576,406,518,598,576,406,517,576,580,419,516,11,13,126
612,556,612,555,410,518,586,578,406,518,584,578,406,517,569,578,419,516,11,14,140
600,573,601,570,410,518,579,578,406,518,580,578,406,517,554,576,419,516,11,15,135
593,574,593,574,410,518,576,578,406,518,576,578,406,517,550,576,418,516,11,16,130
583,576,584,576,410,518,576,577,406,517,576,579,406,518,548,576,419,516,11,17,118
579,576,580,576,410,518,567,577,406,518,571,577,406,517,543,576,418,516,11,18,126
577,576,577,576,410,518,555,576,406,517,555,576,406,518,538,576,418,516,11,19,151
576,576,576,576,410,518,554,576,406,518,554,576,406,517,538,576,419,516,11,20,150
576,576,575,576,410,518,552,576,406,517,553,576,406,517,538,576,417,516,11,21,149
571,576,574,576,410,518,550,576,406,518,550,576,406,517,538,576,418,516,11,22,154
568,576,569,576,410,518,549,576,406,518,549,576,406,517,537,575,419,516,11,23,148
563,576,564,575,410,518,548,576,406,517,549,576,406,518,536,576,419,516,11,24,140
567,576,562,576,410,518,548,576,406,518,548,576,406,518,535,575,418,516,11,25,137
561,576,563,575,410,518,546,576,406,517,546,576,406,517,534,573,418,516,11,26,135
559,576,554,574,410,518,542,576,406,518,542,576,406,518,534,573,418,516,11,27,128
557,574,556,574,410,518,539,576,406,518,539,576,407,518,534,573,418,517,11,28,138
553,576,553,574,410,518,538,576,406,517,539,576,406,517,534,573,419,517,11,29,135
552,574,555,575,410,518,538,576,406,517,538,576,406,517,534,569,418,516,11,30,133
553,575,551,576,410,518,538,576,406,518,538,576,406,518,533,566,419,516,11,31,128
497,547,525,492,409,518,512,572,407,517,579,471,408,517,495,540,419,515,12,0,255
581,476,561,501,410,518,523,520,407,517,463,504,406,518,622,567,419,516,12,1,255
528,484,490,436,410,518,522,428,406,518,568,482,406,517,459,527,419,517,12,2,255
523,495,517,482,410,518,516,481,406,518,519,480,406,517,514,484,418,517,12,3,255
518,485,518,487,410,518,519,480,406,518,519,480,406,518,522,470,419,516,12,4,149
520,481,520,478,410,518,530,453,406,517,526,455,406,517,536,447,420,516,12,5,156
529,461,528,455,410,518,538,446,406,518,538,446,406,517,570,442,419,517,12,6,169
538,447,538,447,410,518,576,442,406,518,576,442,406,518,601,442,419,516,12,7,162
568,443,564,444,410,518,603,443,406,518,602,442,406,518,644,494,419,516,12,8,160
585,444,584,443,410,518,635,481,406,517,634,481,406,518,636,541,418,516,12,9,125
612,449,612,453,410,520,645,520,406,518,645,520,406,518,614,576,419,517,12,10,113
628,494,627,492,410,518,633,553,406,517,633,553,406,517,596,581,419,516,12,11,102
630,519,631,519,410,518,613,576,406,517,613,576,406,517,577,582,419,516,12,12,106
625,538,625,538,410,518,597,579,406,518,597,579,406,517,576,580,418,517,12,13,131
612,564,612,561,410,518,582,580,406,518,582,580,406,517,556,578,418,516,12,14,138
598,576,598,573,410,518,576,580,406,517,576,580,406,518,550,577,419,516,12,15,135
590,576,590,576,410,518,576,580,406,517,576,580,406,518,548,576,419,516,12,16,122
582,576,582,576,410,518,572,578,406,517,571,578,406,518,538,576,419,516,12,17,119
578,576,578,576,410,518,554,577,406,517,556,578,406,517,538,576,418,516,12,18,150
576,576,576,576,410,518,554,577,406,518,554,577,406,517,538,576,418,516,12,19,147
576,576,576,576,410,518,550,576,406,518,550,576,406,517,537,576,418,516,12,20,156
572,576,571,576,410,518,549,576,406,518,549,576,406,517,535,576,419,516,12,21,152
569,576,570,576,410,518,548,576,406,518,548,576,406,518,534,576,419,516,12,22,152
565,576,568,576,410,518,545,576,406,518,547,576,406,517,534,576,419,516,12,23,152
560,576,561,576,410,518,539,576,406,518,539,576,406,517,534,574,419,517,12,24,149
558,575,556,576,410,518,538,576,406,518,538,576,406,517,534,575,418,516,12,25,144
554,575,553,576,410,518,538,576,406,517,538,576,406,517,534,574,419,517,12,26,140
554,576,551,576,410,520,538,576,406,518,538,576,406,517,533,571,419,516,12,27,135
550,575,551,576,410,518,538,576,406,517,538,576,406,518,533,567,419,516,12,28,129
549,574,549,575,410,518,538,576,406,518,538,576,406,517,532,565,418,516,12,29,121
548,575,550,575,410,518,538,576,406,518,538,576,406,517,531,564,419,516,12,30,122
548,576,548,576,410,518,538,576,406,518,538,576,406,517,532,562,419,516,12,31,120
578,482,555,537,409,518,515,550,406,517,394,560,406,517,496,410,419,516,13,0,255
509,590,459,582,410,518,537,548,406,518,392,461,406,517,553,596,419,516,13,1,255
483,575,514,559,410,518,474,462,406,518,529,504,406,518,475,466,419,516,13,2,255
518,500,460,496,410,518,522,470,406,518,536,485,406,517,549,497,419,516,13,3,255
518,486,518,488,410,519,518,481,406,518,518,481,406,518,521,477,419,517,13,4,132
518,481,519,481,410,518,523,460,406,518,523,460,406,518,534,447,418,516,13,5,160
524,464,524,462,410,518,538,446,406,518,538,446,406,517,554,442,419,517,13,6,140
536,448,537,447,410,518,570,442,406,518,571,442,406,517,597,441,419,516,13,7,166
561,444,555,443,410,518,598,442,406,518,600,442,406,518,646,484,419,516,13,8,172
582,442,582,442,410,518,637,475,406,518,637,474,406,517,645,545,418,516,13,9,140
612,449,612,447,410,518,647,519,406,517,647,520,406,517,614,578,419,516,13,10,119
628,488,630,489,410,518,634,554,406,517,634,554,406,517,590,582,418,516,13,11,99
634,518,634,518,410,519,612,578,406,517,612,577,406,517,576,582,419,516,13,12,112
625,541,626,539,410,518,596,581,406,517,596,582,406,517,571,581,418,516,13,13,126
612,569,612,567,410,518,580,582,406,518,580,582,406,518,552,579,418,516,13,14,142
598,575,598,575,410,518,576,582,406,517,576,582,406,518,548,577,418,516,13,15,131
588,576,588,576,410,518,573,580,406,517,575,580,406,517,538,576,418,516,13,16,119
579,576,580,576,410,518,560,579,406,518,558,578,406,517,538,576,418,516,13,17,143
576,576,577,576,410,518,553,577,406,518,553,577,406,518,538,576,419,516,13,18,151
575,576,576,577,410,518,550,576,406,517,550,576,406,518,534,576,419,516,13,19,160
568,576,573,576,410,518,548,576,406,517,548,576,406,518,534,576,418,516,13,20,153
567,577,563,576,410,518,545,576,406,518,545,576,406,517,534,576,418,516,13,21,144
560,576,559,576,410,519,539,576,406,518,539,576,406,517,533,574,418,517,13,22,146
559,575,560,576,410,518,538,576,406,518,538,576,406,518,532,574,418,516,13,23,146
555,576,552,576,410,518,538,576,406,518,538,576,406,518,532,569,418,516,13,24,130
550,576,550,576,410,518,538,576,406,517,538,576,406,518,530,566,418,516,13,25,125
551,576,549,575,410,518,538,576,406,518,538,576,406,517,529,567,418,516,13,26,122
549,574,548,575,410,518,538,576,406,518,538,576,406,517,531,565,418,516,13,27,120
548,575,548,574,410,518,537,576,406,517,537,576,406,518,528,563,419,516,13,28,117
547,576,547,574,410,518,536,576,406,518,536,576,406,517,528,557,418,517,13,29,109
540,573,542,574,410,518,535,575,406,517,534,576,406,517,526,558,419,516,13,30,108
539,575,538,574,410,518,535,576,406,517,534,574,406,518,527,558,418,516,13,31,108
533,440,412,453,410,519,570,589,407,517,596,475,407,517,474,433,418,516,14,0,255
581,458,564,478,409,518,492,510,406,518,493,497,406,517,489,583,418,515,14,1,255
628,465,451,536,410,518,503,512,406,518,520,423,406,518,524,409,418,516,14,2,255
524,484,498,507,410,518,506,504,406,518,497,450,406,517,568,493,418,516,14,3,255
517,491,517,490,410,518,518,482,406,517,518,483,406,517,519,480,418,516,14,4,130
519,483,518,483,410,518,522,465,406,518,523,464,406,518,530,447,418,516,14,5,163
525,468,527,465,410,519,534,447,406,518,534,447,406,517,550,442,418,516,14,6,135
534,447,533,447,410,519,556,442,406,518,554,442,406,517,593,437,418,516,14,7,187
550,443,550,444,410,518,597,438,406,518,597,438,406,518,646,480,418,516,14,8,162
578,442,579,442,410,518,639,465,406,517,641,463,406,518,646,549,418,516,14,9,129
611,446,611,446,410,519,653,518,406,518,655,519,406,518,614,582,418,516,14,10,102
632,483,631,484,410,518,635,563,406,518,635,568,406,517,586,587,417,516,14,11,93
634,518,634,519,410,518,612,580,406,517,612,580,406,517,576,584,418,516,14,12,109
627,548,626,549,410,519,593,583,406,517,592,582,406,517,557,582,418,516,14,13,131
612,572,612,574,410,518,578,582,406,518,578,582,406,517,549,579,418,516,14,14,155
598,576,597,576,410,518,576,582,406,517,576,582,406,517,539,576,418,516,14,15,126
584,577,585,577,410,518,562,580,406,517,563,580,406,517,538,576,418,516,14,16,140
578,577,578,577,410,518,553,579,406,517,554,580,406,517,536,576,419,516,14,17,147
576,577,576,577,410,520,550,578,406,517,550,578,406,517,534,576,418,517,14,18,152
573,577,574,577,410,518,547,576,406,518,548,576,406,517,534,576,418,516,14,19,158
566,576,567,576,410,518,539,576,406,517,538,576,406,517,533,576,418,516,14,20,158
559,576,560,576,410,518,538,576,406,518,538,576,406,517,531,576,418,516,14,21,148
555,576,554,576,410,518,538,576,406,517,538,576,406,518,527,573,418,516,14,22,137
550,576,550,576,410,518,538,576,406,518,538,576,406,517,528,570,418,516,14,23,129
549,576,550,576,410,518,537,576,406,518,537,576,406,518,528,565,418,516,14,24,123
548,576,548,576,410,518,536,576,406,517,536,576,406,517,524,564,419,516,14,25,123
546,576,548,576,410,518,534,576,406,518,534,576,406,518,526,562,418,516,14,26,119
539,575,541,575,410,518,534,576,406,518,534,575,406,517,524,557,418,517,14,27,108
538,574,538,575,410,518,534,576,406,518,534,576,406,518,523,557,418,516,14,28,100
538,574,538,572,410,518,534,574,406,518,534,575,406,517,523,555,418,516,14,29,99
538,576,538,574,410,518,534,575,406,517,534,574,406,517,523,556,418,517,14,30,105
538,573,538,575,410,518,534,574,406,517,534,575,406,518,522,557,418,516,14,31,107
477,416,493,539,410,518,547,614,406,517,509,464,407,517,517,502,418,516,15,0,255
520,510,475,569,410,518,519,526,406,518,450,518,406,517,498,458,419,516,15,1,255
426,458,577,529,410,518,612,459,406,517,619,504,406,517,548,425,417,516,15,2,255
515,438,532,455,410,518,542,527,406,518,510,492,406,518,506,508,418,516,15,3,255
508,490,513,487,410,518,529,484,406,517,522,471,406,517,520,482,419,516,15,4,103
518,483,518,484,410,518,522,467,406,518,522,470,406,517,526,450,419,516,15,5,174
524,467,525,467,410,518,533,447,406,517,534,447,406,518,548,442,418,517,15,6,134
530,450,529,452,409,519,550,442,406,518,551,442,406,517,584,436,419,516,15,7,180
548,444,548,444,410,518,593,436,406,517,592,436,406,518,650,466,419,516,15,8,189
577,442,576,442,410,518,643,447,406,518,643,450,406,518,655,549,418,517,15,9,141
605,444,607,444,410,518,660,518,406,518,660,518,406,517,614,584,418,516,15,10,91
634,481,634,482,410,518,637,575,406,518,639,575,406,518,582,594,417,516,15,11,87
642,518,641,518,410,519,612,582,406,517,612,582,406,517,576,588,418,516,15,12,128
630,551,630,551,410,518,587,587,406,517,587,587,406,517,552,582,418,516,15,13,142
612,576,612,576,409,518,576,584,406,518,576,584,406,517,541,579,418,516,15,14,150
596,577,596,578,410,518,575,582,406,518,575,582,406,518,538,577,418,516,15,15,126
583,579,583,579,410,518,555,581,406,518,554,581,406,517,535,576,418,516,15,16,151
576,578,576,578,410,518,550,579,406,518,550,580,406,517,534,576,418,516,15,17,149
575,577,576,578,410,518,547,578,406,517,547,577,406,517,532,576,417,516,15,18,162
567,577,567,578,410,518,539,576,406,517,538,576,406,517,532,576,418,516,15,19,162
562,577,562,576,410,518,538,576,406,518,538,576,406,517,529,574,419,516,15,20,150
552,576,561,576,410,518,538,576,406,518,538,576,406,517,526,571,418,516,15,21,143
550,576,551,576,410,518,536,576,406,517,537,576,406,518,525,569,418,516,15,22,129
548,576,548,576,410,518,534,576,406,518,534,576,406,517,523,567,418,516,15,23,125
548,576,548,576,410,518,534,576,406,517,534,576,406,518,524,561,418,516,15,24,118
540,576,538,576,410,518,534,576,406,518,534,576,406,517,523,556,418,516,15,25,102
538,576,538,576,410,518,534,576,406,518,533,576,406,518,522,558,419,516,15,26,108
538,575,538,575,410,518,533,576,406,518,534,575,406,518,523,556,419,516,15,27,105
538,574,538,574,410,518,532,575,406,517,533,574,406,517,522,554,418,516,15,28,104
538,574,538,575,410,518,532,576,406,517,532,575,406,517,522,554,419,516,15,29,104
538,572,538,575,410,518,532,574,406,517,532,573,406,517,522,554,418,516,15,30,111
538,572,538,572,410,518,530,571,406,518,531,574,406,517,522,554,418,516,15,31,106
532,456,505,536,410,518,450,356,406,517,609,548,406,517,588,487,418,516,16,0,255
491,613,577,465,410,518,614,573,406,518,598,561,406,517,570,484,419,516,16,1,255
560,553,519,535,410,518,456,537,406,517,612,514,406,518,525,500,418,516,16,2,255
444,549,493,484,410,518,467,388,406,518,496,452,406,517,514,532,419,516,16,3,255
509,479,534,481,410,518,479,494,406,518,546,463,406,518,517,490,418,516,16,4,255
518,485,518,486,410,518,520,473,406,517,520,471,406,517,522,456,418,516,16,5,156
522,476,521,478,410,518,532,447,406,518,531,447,406,518,538,442,418,516,16,6,149
530,451,527,453,410,518,549,442,406,518,549,442,406,518,581,434,418,517,16,7,173
538,445,539,444,410,518,583,435,406,518,583,434,406,517,654,447,418,516,16,8,224
575,442,576,442,410,518,642,446,406,518,642,446,406,517,661,555,417,517,16,9,150
602,442,602,442,410,519,664,518,406,518,664,518,406,517,614,595,418,516,16,10,92
634,470,634,473,410,518,643,576,406,518,644,576,406,518,581,597,419,516,16,11,86
646,518,645,518,410,518,611,589,406,517,611,587,406,518,566,591,418,516,16,12,127
632,555,633,552,410,518,582,593,406,518,582,590,406,517,549,582,417,516,16,13,147
612,576,612,576,410,519,576,588,406,517,576,589,406,517,538,580,417,516,16,14,137
595,579,594,579,410,518,560,583,406,517,557,582,406,517,536,576,418,516,16,15,158
580,580,580,580,410,518,550,582,406,517,550,582,406,517,534,576,418,517,16,16,152
576,580,576,580,410,518,548,580,406,518,548,580,406,517,532,576,418,516,16,17,154
565,578,571,578,410,518,538,577,406,518,538,578,406,518,530,576,418,516,16,18,161
564,578,566,579,410,518,538,576,406,517,538,576,406,517,525,575,419,516,16,19,160
554,577,554,576,409,518,537,576,406,518,537,576,406,517,523,574,418,516,16,20,135
550,576,550,576,410,518,535,576,406,518,534,576,406,517,523,571,418,516,16,21,132
548,576,548,576,410,518,534,576,406,517,534,576,406,517,523,565,417,516,16,22,122
541,576,542,576,410,518,534,576,406,517,534,576,406,517,522,556,418,516,16,23,106
539,576,539,575,410,518,532,576,406,517,533,576,406,517,522,556,418,516,16,24,102
538,576,538,576,410,519,531,576,406,517,532,576,406,517,522,558,418,517,16,25,108
538,575,538,576,410,519,531,575,406,518,531,575,406,517,522,554,418,516,16,26,110
538,572,538,574,410,518,530,575,406,518,531,574,406,518,522,554,418,516,16,27,105
538,574,537,574,409,519,530,573,406,517,528,575,406,517,522,554,418,516,16,28,108
536,573,537,573,410,518,527,573,406,518,528,573,406,518,521,554,418,516,16,29,108
535,569,535,574,410,518,527,572,406,517,527,570,406,517,521,554,419,516,16,30,119
534,565,534,571,410,518,525,569,406,518,526,572,406,517,521,554,418,516,16,31,112
532,523,583,495,410,518,594,506,406,517,516,532,406,517,518,524,418,516,17,0,255
527,573,616,469,409,518,547,570,406,517,492,503,406,517,515,625,418,516,17,1,255
500,457,553,504,409,518,372,581,406,517,501,375,406,517,479,492,418,516,17,2,255
563,456,548,511,410,518,620,506,406,518,516,537,406,518,471,461,418,516,17,3,255
474,511,571,529,410,518,535,486,406,518,563,472,406,517,547,463,418,516,17,4,255
518,486,518,487,409,518,519,479,406,518,519,478,406,518,523,461,418,516,17,5,163
518,479,519,476,409,518,526,448,406,517,526,448,406,517,538,443,419,516,17,6,149
528,455,527,452,410,518,540,442,406,517,539,442,406,517,576,429,418,516,17,7,193
538,446,538,445,410,518,581,432,406,517,581,433,406,518,654,447,418,516,17,8,223
574,442,576,442,410,518,641,444,406,518,640,443,406,517,665,554,418,516,17,9,165
599,442,598,442,410,518,674,517,406,517,675,517,406,518,614,598,419,516,17,10,75
634,459,634,460,410,518,645,576,406,518,645,576,406,518,579,598,418,516,17,11,94
647,518,646,518,410,518,609,594,406,517,607,595,406,517,558,594,418,516,17,12,124
634,558,634,561,410,518,582,596,406,518,582,596,406,517,541,582,417,516,17,13,140
612,577,612,576,410,518,576,592,406,517,576,591,406,517,537,579,418,516,17,14,132
593,580,591,580,410,518,554,583,406,517,554,583,406,518,534,576,417,516,17,15,159
579,582,578,581,410,518,549,581,406,518,549,582,406,517,531,576,418,516,17,16,152
576,580,576,580,410,518,538,579,406,517,538,580,406,517,528,576,418,516,17,17,168
570,580,567,579,410,518,538,577,406,517,538,577,406,517,523,576,419,516,17,18,161
556,578,556,578,410,518,536,576,406,517,536,576,406,517,523,574,418,516,17,19,146
550,577,550,576,410,518,534,576,406,517,534,576,406,517,523,570,418,516,17,20,130
548,576,548,576,409,518,534,576,406,517,534,576,406,517,522,562,417,516,17,21,117
539,576,539,576,410,518,532,576,406,517,532,576,406,518,522,561,418,516,17,22,112
538,575,538,576,410,518,531,576,406,518,531,576,406,517,522,558,417,516,17,23,107
538,576,538,576,410,518,531,576,406,517,529,576,406,518,521,556,418,516,17,24,107
538,575,538,576,410,518,525,575,406,517,527,576,406,517,520,554,418,516,17,25,113
537,574,536,574,410,519,526,573,406,517,526,571,406,518,519,555,418,517,17,26,116
535,576,535,573,410,518,527,573,406,518,525,570,406,517,519,554,418,516,17,27,118
534,572,534,573,410,518,525,573,406,518,524,569,406,518,519,554,418,516,17,28,119
532,573,534,573,410,518,524,569,406,517,523,565,406,518,518,554,418,516,17,29,134
534,570,533,573,410,518,524,566,406,517,523,569,406,517,518,553,418,516,17,30,124
532,569,531,568,410,518,523,563,406,517,523,561,406,517,518,551,418,516,17,31,130
493,548,488,522,409,518,502,555,406,517,512,533,406,517,532,487,417,516,18,0,255
648,458,673,438,409,518,527,442,406,518,644,609,406,517,612,487,418,516,18,1,255
479,416,584,487,409,518,544,537,406,517,521,396,406,518,447,476,418,516,18,2,255
508,422,520,562,410,518,583,508,406,517,391,512,406,517,608,511,417,515,18,3,255
451,519,542,472,410,518,489,462,406,518,502,446,406,518,523,521,418,516,18,4,255
516,488,517,486,410,518,519,477,406,518,518,480,406,518,521,463,418,516,18,5,163
518,481,518,482,410,518,524,450,406,518,524,451,406,517,535,445,418,516,18,6,158
527,463,525,457,410,519,538,442,406,517,538,443,406,517,576,428,418,516,18,7,193
537,445,537,446,409,518,577,429,406,517,577,430,406,517,655,442,419,516,18,8,240
565,442,571,441,410,518,636,441,406,518,636,441,406,518,675,561,417,516,18,9,193
597,439,597,439,410,518,676,517,406,518,677,516,406,517,613,602,418,517,18,10,72
634,452,634,453,409,518,646,579,406,517,646,577,406,518,576,602,418,516,18,11,95
653,518,653,518,409,518,603,598,406,517,603,598,406,518,551,595,419,516,18,12,139
634,565,634,566,410,519,580,597,406,518,580,597,406,517,538,582,419,516,18,13,148
612,580,612,579,410,519,572,595,406,517,571,594,406,518,534,580,419,516,18,14,138
589,583,590,584,410,518,550,584,406,518,550,584,406,518,530,576,418,516,18,15,167
577,583,577,583,410,518,542,582,406,517,540,581,406,518,525,576,418,516,18,16,166
570,581,573,582,410,518,538,578,406,517,538,579,406,518,523,576,417,516,18,17,168
560,580,561,579,410,518,535,576,406,517,535,576,406,517,522,576,418,516,18,18,157
552,577,550,578,410,518,534,576,406,517,534,576,406,517,522,573,417,516,18,19,138
548,577,548,576,410,518,532,576,406,518,533,576,406,517,522,568,418,516,18,20,130
538,576,539,576,410,518,531,576,406,517,530,576,406,517,521,559,418,516,18,21,111
538,576,538,576,410,518,530,576,406,517,528,575,406,517,519,557,418,516,18,22,110
538,576,538,576,409,518,526,576,406,517,525,575,406,517,518,554,418,516,18,23,109
537,575,537,575,410,518,525,573,406,517,525,574,406,518,518,554,418,516,18,24,110
534,576,535,575,410,519,525,573,406,518,523,573,406,517,518,554,418,516,18,25,114
534,574,533,574,410,518,523,570,406,517,524,570,406,517,518,554,419,516,18,26,121
534,571,534,573,410,518,523,567,406,517,524,570,406,517,518,553,418,516,18,27,121
533,572,533,571,410,518,522,569,406,517,522,561,406,517,518,552,419,516,18,28,138
532,571,531,574,410,518,522,565,406,518,522,562,406,517,518,550,419,516,18,29,139
532,572,530,571,410,518,522,560,406,517,522,567,406,518,518,550,418,516,18,30,131
531,569,531,562,409,518,522,557,406,517,522,556,406,517,518,550,418,516,18,31,133
569,402,554,540,409,518,615,537,406,517,524,445,406,517,604,650,417,515,19,0,255
740,460,614,400,409,518,498,506,406,517,481,387,406,517,553,580,417,515,19,1,255
458,465,458,632,409,518,627,561,406,517,530,426,406,518,507,604,417,516,19,2,255
455,439,456,551,409,518,625,565,406,517,486,487,406,518,480,443,419,516,19,3,255
551,408,549,475,410,518,512,513,406,517,454,545,406,518,479,484,417,516,19,4,255
525,480,498,513,410,518,520,488,406,518,510,475,406,517,543,464,418,516,19,5,255
518,481,519,481,410,518,523,453,406,517,523,453,406,517,533,446,419,516,19,6,158
524,465,523,464,409,518,537,443,406,518,538,443,406,518,574,427,418,516,19,7,186
534,447,534,447,410,517,576,429,406,517,576,429,406,518,652,438,418,516,19,8,231
561,442,561,441,410,518,635,436,406,517,634,437,406,518,678,570,418,516,19,9,226
594,437,594,436,410,518,680,516,406,518,679,514,406,518,612,612,418,516,19,10,84
634,448,634,447,410,519,647,580,406,517,647,581,406,517,576,604,418,516,19,11,103
655,517,658,518,410,518,602,602,406,517,602,601,406,517,549,595,418,516,19,12,146
634,570,635,571,410,518,577,598,406,517,576,598,406,517,537,582,418,516,19,13,155
611,582,611,582,409,518,559,595,406,517,558,595,406,517,532,577,417,516,19,14,153
587,585,590,584,410,518,548,584,406,518,548,584,406,518,524,576,418,516,19,15,169
576,583,576,584,410,518,538,581,406,517,538,582,406,517,522,576,417,516,19,16,166
570,583,569,582,410,518,536,578,406,517,536,578,406,517,522,576,418,516,19,17,163
557,580,553,580,410,518,534,576,406,517,534,576,406,517,522,574,417,516,19,18,147
549,578,548,577,410,518,532,576,406,517,532,576,406,517,519,566,418,516,19,19,129
539,577,539,577,410,518,528,576,406,518,527,576,406,517,518,561,418,516,19,20,118
538,576,538,576,410,518,524,576,406,517,527,576,406,517,518,555,418,516,19,21,109
538,576,538,576,410,518,523,575,406,517,524,576,406,517,518,555,417,516,19,22,110
536,576,535,576,410,518,523,574,406,517,524,576,406,517,518,554,417,517,19,23,113
534,576,534,576,410,518,523,573,406,517,522,571,406,517,518,554,417,516,19,24,121
533,574,533,575,410,518,522,570,406,517,522,573,406,517,518,553,418,516,19,25,116
532,572,534,572,410,518,522,564,406,517,523,566,406,517,518,552,418,516,19,26,132
528,570,530,573,410,518,522,562,406,518,523,561,406,517,518,550,418,516,19,27,139
529,565,529,568,410,519,522,562,406,517,522,558,406,517,518,550,417,516,19,28,138
530,569,528,568,410,519,522,560,406,517,522,557,406,517,518,550,418,516,19,29,142
527,566,527,566,410,518,522,556,406,518,522,557,406,517,518,550,418,516,19,30,140
528,568,528,567,410,518,522,556,406,517,522,558,406,518,518,550,417,516,19,31,143
568,499,508,663,410,518,498,540,406,517,400,559,406,517,470,395,418,516,20,0,255
466,564,462,567,410,518,493,318,406,517,443,665,406,517,533,568,418,515,20,1,230
582,487,390,431,409,518,551,490,406,517,557,562,406,518,538,457,418,516,20,2,255
380,531,488,502,410,518,438,532,406,518,463,518,406,518,566,531,418,516,20,3,255
499,457,491,460,410,518,544,534,406,517,467,481,406,517,562,467,418,516,20,4,199
552,485,514,457,410,518,548,472,406,517,543,449,406,517,524,474,418,516,20,5,255
518,482,518,483,410,518,522,459,406,518,522,464,406,518,531,447,418,516,20,6,175
523,468,523,464,410,518,534,445,406,517,534,444,406,517,556,426,418,516,20,7,173
532,447,531,446,410,518,576,429,406,518,576,429,406,517,647,431,418,516,20,8,229
558,442,556,442,410,518,634,432,406,517,633,431,406,518,685,571,417,516,20,9,247
590,436,590,436,410,518,688,510,406,517,691,511,406,518,608,616,417,516,20,10,80
634,445,634,446,409,518,649,584,406,517,650,583,406,517,576,612,417,516,20,11,97
661,517,660,517,410,518,598,608,406,517,598,607,406,517,538,596,418,516,20,12,143
637,574,638,575,410,518,576,601,406,517,576,601,406,517,534,582,418,516,20,13,156
611,583,612,584,410,518,554,596,406,517,554,596,406,517,528,577,418,516,20,14,163
583,587,584,589,410,518,541,584,406,517,539,585,406,517,523,576,418,516,20,15,176
576,588,576,587,410,518,538,581,406,517,538,581,406,518,522,576,418,516,20,16,176
559,583,559,583,410,518,534,577,406,517,534,577,406,518,519,573,418,516,20,17,154
550,580,551,580,410,518,532,576,406,517,531,576,406,517,518,570,418,516,20,18,143
543,577,544,578,410,518,528,576,406,517,526,576,406,517,518,561,418,516,20,19,126
538,577,538,576,410,518,525,576,406,517,523,576,406,517,518,558,417,517,20,20,113
538,576,538,576,410,518,523,576,406,517,523,576,406,517,518,557,418,516,20,21,111
534,576,534,575,410,518,523,576,406,517,522,576,406,517,518,555,418,516,20,22,102
534,576,533,575,410,518,522,572,406,518,522,574,406,517,518,554,418,517,20,23,112
531,576,530,576,410,518,522,573,406,517,522,566,406,518,518,553,419,516,20,24,134
530,576,531,575,410,518,522,568,406,517,522,573,406,517,518,550,418,516,20,25,127
529,575,526,570,410,518,522,565,406,518,522,562,406,517,518,550,417,516,20,26,126
526,567,528,574,410,518,521,561,406,517,521,556,406,517,518,550,418,516,20,27,155
526,573,528,569,410,518,520,557,406,517,521,556,406,517,518,550,418,516,20,28,148
529,569,526,570,410,518,520,554,406,518,521,558,406,517,517,550,418,516,20,29,150
525,566,525,567,410,518,519,557,406,517,519,555,406,517,517,550,418,516,20,30,148
526,564,527,568,410,518,518,554,406,517,518,554,406,517,517,549,418,516,20,31,154
407,539,463,445,409,518,498,521,406,517,547,405,406,517,474,590,418,517,21,0,255
394,532,410,517,409,518,456,471,406,517,537,471,406,517,610,384,418,516,21,1,255
501,427,638,521,409,518,494,489,406,517,511,467,406,517,505,486,418,516,21,2,255
548,570,481,477,409,518,521,507,406,517,550,438,406,517,505,341,418,516,21,3,255
502,403,554,484,409,518,470,534,406,517,553,428,406,517,572,493,418,516,21,4,255
506,508,514,459,410,518,525,477,406,517,520,473,406,518,524,471,418,516,21,5,255
518,483,518,484,410,518,521,465,406,517,520,465,406,517,529,447,417,516,21,6,169
521,469,523,468,410,518,534,446,406,517,534,446,406,517,551,429,418,517,21,7,166
529,448,530,448,410,519,566,428,406,518,568,429,406,518,645,420,418,517,21,8,250
549,442,549,442,410,518,630,421,406,517,630,422,406,518,691,576,418,516,21,9,255
584,433,583,435,410,518,693,507,406,517,693,509,406,517,602,624,418,516,21,10,101
634,443,634,443,409,518,652,591,406,517,653,591,406,517,563,612,417,516,21,11,82
663,516,663,516,409,518,597,612,406,517,597,612,406,517,538,595,417,516,21,12,139
643,576,643,576,409,518,576,602,406,517,576,602,406,517,531,582,418,516,21,13,163
608,589,609,589,409,519,550,596,406,517,550,596,406,517,524,577,417,516,21,14,166
582,591,583,592,409,518,538,583,406,517,538,583,406,517,522,576,418,516,21,15,184
575,588,571,589,410,518,534,580,406,517,534,580,406,517,519,576,417,516,21,16,176
557,583,555,583,410,518,531,577,406,517,531,577,406,518,518,573,418,516,21,17,153
548,580,548,580,410,518,525,576,406,517,528,576,406,517,518,565,418,516,21,18,138
538,577,538,577,409,518,525,576,406,517,523,576,406,517,518,565,418,516,21,19,122
538,576,538,576,410,519,523,576,406,517,523,576,406,517,518,556,418,516,21,20,111
534,576,534,576,410,518,522,575,406,517,522,576,406,517,518,554,419,516,21,21,107
532,576,533,576,410,518,522,573,406,517,522,575,406,517,518,554,418,516,21,22,110
532,575,530,574,410,518,522,571,406,517,522,570,406,517,518,551,419,516,21,23,114
529,574,529,574,410,518,521,562,406,517,521,561,406,517,517,550,418,516,21,24,145
527,574,529,570,410,518,519,558,406,517,519,559,406,517,517,550,418,516,21,25,143
527,569,528,568,409,518,518,560,406,517,519,560,406,517,517,550,418,516,21,26,135
526,566,526,570,410,518,518,554,406,518,518,556,406,517,517,550,418,516,21,27,155
524,564,529,566,410,518,518,554,406,517,518,554,406,517,517,550,419,516,21,28,154
525,564,526,566,409,518,518,554,406,517,518,555,406,518,517,549,417,516,21,29,146
527,561,524,568,409,518,518,554,406,517,518,555,406,517,517,548,418,516,21,30,148
524,567,525,568,410,518,518,554,406,517,518,554,406,517,517,548,418,516,21,31,153
611,505,501,454,409,518,614,512,406,517,481,567,406,517,558,497,418,516,22,0,255
508,493,611,540,409,518,544,627,406,517,596,506,406,517,523,458,418,516,22,1,255
632,528,591,633,410,518,589,336,406,517,571,596,406,517,471,524,418,516,22,2,255
528,484,509,461,409,518,510,417,406,517,536,516,406,517,526,506,418,516,22,3,255
497,461,521,525,410,518,476,493,406,517,503,515,406,517,527,454,417,516,22,4,255
468,489,468,534,410,519,537,473,406,517,590,452,406,518,524,401,417,516,22,5,255
512,482,518,480,410,518,520,469,406,517,526,467,406,517,523,447,418,517,22,6,166
520,475,519,472,410,518,531,446,406,517,530,447,406,517,549,432,418,516,22,7,173
530,450,529,449,409,518,554,431,406,517,554,430,406,517,638,410,418,516,22,8,255
549,442,548,442,410,518,627,419,406,517,626,418,406,518,694,576,418,516,22,9,255
580,435,580,433,410,518,696,503,406,517,697,504,406,518,598,629,418,516,22,10,103
633,442,634,442,409,518,654,597,406,517,654,597,406,517,554,613,417,516,22,11,69
670,515,670,515,409,518,594,615,406,517,592,614,406,517,534,596,417,516,22,12,158
644,576,644,577,410,518,573,602,406,517,572,602,406,517,524,582,417,516,22,13,174
603,595,602,592,410,518,548,596,406,517,548,596,406,517,522,577,418,516,22,14,163
579,595,580,594,409,518,537,582,406,517,537,583,406,517,518,576,417,516,22,15,184
569,589,571,589,410,518,533,580,406,517,532,580,406,517,518,575,418,516,22,16,178
551,582,550,583,410,518,526,576,406,517,526,576,406,517,518,569,417,517,22,17,150
539,580,539,580,410,518,524,576,406,518,524,576,406,517,518,556,418,516,22,18,120
538,578,538,577,410,518,522,576,406,517,522,576,406,518,518,554,417,516,22,19,116
534,576,535,577,409,518,522,576,406,518,522,576,406,517,517,555,418,517,22,20,108
533,576,533,576,410,518,521,576,406,518,521,574,406,517,517,553,418,516,22,21,109
531,576,530,576,409,518,520,568,406,517,519,567,406,517,517,550,418,516,22,22,128
530,574,530,576,410,518,518,565,406,517,518,562,406,517,517,550,418,516,22,23,145
528,575,527,576,410,518,518,560,406,517,518,561,406,517,517,550,417,516,22,24,151
527,574,527,566,410,518,518,557,406,517,518,556,406,517,516,549,418,516,22,25,143
527,569,526,570,410,518,518,558,406,517,518,558,406,517,516,549,417,516,22,26,142
526,567,528,567,410,518,518,554,406,517,518,555,406,517,516,549,418,516,22,27,152
525,564,524,562,410,518,518,554,406,517,518,554,406,518,516,548,419,516,22,28,141
523,568,524,567,410,518,518,554,406,517,518,554,406,517,516,548,418,516,22,29,150
525,564,525,564,410,518,518,555,406,517,518,554,406,517,517,549,418,516,22,30,144
524,562,525,562,410,518,518,553,406,517,518,553,406,517,516,548,418,516,22,31,142
464,583,635,564,410,518,475,605,406,517,606,601,406,517,459,568,419,515,23,0,255
513,476,567,470,409,518,454,631,406,517,491,553,406,517,573,489,418,516,23,1,255
578,482,532,585,410,518,580,617,406,517,591,498,406,517,511,516,418,516,23,2,255
442,533,625,557,409,518,504,454,406,517,512,532,406,517,530,440,419,516,23,3,255
444,524,506,437,409,518,516,525,406,517,601,506,406,517,481,437,418,516,23,4,255
534,522,531,395,410,518,491,506,406,517,484,507,406,517,531,496,417,516,23,5,255
508,497,566,486,410,519,507,452,406,517,518,432,406,517,520,422,418,516,23,6,255
520,476,519,478,410,518,528,447,406,517,527,447,406,518,539,435,418,516,23,7,171
528,449,528,451,410,518,550,433,406,517,550,432,406,518,634,404,417,517,23,8,255
538,442,539,442,410,518,618,409,406,517,618,408,406,518,698,576,417,516,23,9,255
577,432,578,431,409,518,700,502,406,517,699,502,406,517,596,634,418,516,23,10,118
632,438,632,439,409,519,655,599,406,517,656,599,406,518,549,614,417,516,23,11,66
676,514,676,514,410,518,587,618,406,517,589,618,406,517,533,596,418,516,23,12,175
645,578,646,578,409,518,561,608,406,518,559,608,406,517,522,581,418,516,23,13,179
602,597,602,596,409,518,538,596,406,517,538,596,406,517,519,576,418,516,23,14,178
576,596,578,595,410,518,534,582,406,517,534,582,406,517,518,576,418,515,23,15,193
563,589,562,590,410,518,529,580,406,517,529,580,406,517,517,575,417,516,23,16,169
549,584,549,583,410,518,523,576,406,518,524,576,406,518,517,561,417,516,23,17,139
538,580,538,580,409,518,522,576,406,517,522,576,406,517,517,556,417,515,23,18,117
535,578,536,578,410,518,522,576,406,517,522,576,406,517,517,554,418,516,23,19,115
534,576,533,576,409,518,520,574,406,517,519,576,406,517,516,554,418,516,23,20,109
530,576,529,575,410,518,518,571,406,517,518,572,406,517,516,551,417,516,23,21,117
527,573,528,576,410,518,518,563,406,517,518,564,406,517,516,550,418,516,23,22,141
525,573,528,575,409,518,518,557,406,517,518,560,406,517,516,550,417,516,23,23,156
525,570,525,574,410,518,518,555,406,517,518,557,406,518,516,549,418,516,23,24,161
525,568,524,566,410,518,518,554,406,518,518,554,406,517,516,549,418,516,23,25,150
524,568,524,570,410,518,518,554,406,517,518,554,406,517,516,549,418,516,23,26,157
524,567,524,567,410,518,518,554,406,517,518,554,406,517,516,548,418,516,23,27,150
523,562,524,560,409,518,518,554,406,517,518,554,406,517,517,548,418,515,23,28,133
524,562,524,560,410,518,518,553,406,517,518,553,406,517,516,548,417,516,23,29,138
524,562,522,557,410,518,518,552,406,518,518,552,406,518,517,548,418,516,23,30,132
523,562,523,558,409,518,518,550,406,517,518,551,406,518,516,547,418,516,23,31,140
506,575,545,500,409,518,589,448,406,517,584,561,406,517,445,480,418,515,24,0,255
553,514,480,453,409,518,402,526,406,517,642,565,406,517,506,441,418,516,24,1,255
538,622,539,456,408,518,546,541,406,517,585,550,406,517,528,458,417,516,24,2,255
582,472,457,587,409,518,685,374,406,517,494,444,406,517,521,524,417,515,24,3,255
399,484,542,499,410,518,420,462,406,517,528,543,406,517,464,467,418,516,24,4,255
478,505,487,490,410,518,549,511,406,517,523,469,406,517,556,442,418,516,24,5,255
544,487,566,530,410,518,507,497,406,518,507,499,406,517,530,456,418,516,24,6,255
519,481,519,481,409,519,525,447,406,517,524,447,406,517,538,436,418,516,24,7,171
527,457,526,448,410,518,549,435,406,517,549,435,406,517,627,393,417,516,24,8,255
538,442,538,442,410,518,613,405,406,517,613,405,406,517,701,575,418,516,24,9,255
576,431,577,431,410,518,702,499,406,517,702,497,406,517,589,640,417,516,24,10,115
628,436,628,435,410,518,657,607,406,517,657,605,406,517,543,614,417,516,24,11,68
677,510,677,509,409,518,582,623,406,517,582,624,406,517,526,594,418,516,24,12,174
646,580,646,580,410,518,553,611,406,517,554,611,406,517,520,580,417,516,24,13,187
599,599,599,598,410,518,538,596,406,517,538,596,406,517,518,576,418,516,24,14,178
576,598,576,598,410,518,533,582,406,517,532,582,406,518,518,576,417,516,24,15,193
558,591,558,590,409,518,527,579,406,517,522,578,406,517,517,573,418,516,24,16,173
539,584,540,583,410,518,522,576,406,517,522,576,406,517,517,556,417,516,24,17,128
538,579,538,580,409,518,521,576,406,517,521,576,406,517,516,554,418,516,24,18,117
534,576,534,577,410,518,519,576,406,517,518,576,406,517,516,554,418,516,24,19,111
532,576,530,576,409,518,518,575,406,517,518,574,406,517,516,550,417,516,24,20,118
529,576,528,575,409,518,518,565,406,518,518,569,406,517,516,550,418,515,24,21,128
526,574,526,575,409,518,518,561,406,517,518,558,406,517,516,550,418,516,24,22,153
525,573,523,573,410,518,518,554,406,517,518,555,406,517,516,549,417,516,24,23,162
524,568,524,571,410,518,518,554,406,517,518,554,406,517,516,549,418,516,24,24,160
524,566,524,568,410,518,518,555,406,517,518,554,406,517,516,548,417,516,24,25,152
523,562,523,565,410,518,518,554,406,517,518,554,406,518,516,548,418,516,24,26,145
523,562,522,564,409,518,517,554,406,517,518,554,406,517,515,548,417,516,24,27,141
522,560,522,559,409,518,518,552,406,517,517,553,406,518,516,547,418,516,24,28,133
521,557,520,560,410,518,518,551,406,517,517,550,406,517,516,545,418,516,24,29,144
520,559,519,558,410,518,518,550,406,517,517,550,406,517,515,543,418,516,24,30,137
519,558,519,557,410,518,517,550,406,517,517,550,406,517,516,539,418,516,24,31,128
579,556,492,485,409,518,557,613,406,517,505,568,406,517,540,566,417,516,25,0,255
521,563,487,418,409,518,491,448,406,517,385,558,406,517,502,613,417,515,25,1,255
527,562,500,507,409,519,504,519,406,517,503,449,406,517,435,494,417,516,25,2,255
560,662,459,550,409,518,450,393,406,517,457,450,406,517,567,416,419,515,25,3,255
602,489,486,476,409,518,533,413,406,517,520,509,406,517,502,469,417,516,25,4,255
533,477,488,476,410,518,562,450,406,517,541,543,406,518,569,505,418,516,25,5,255
526,445,560,547,410,518,480,473,406,517,605,458,406,517,495,456,418,516,25,6,255
519,481,519,482,409,518,524,447,406,517,524,447,406,517,536,437,418,516,25,7,171
525,449,523,456,409,518,539,435,406,517,542,436,406,517,616,387,418,516,25,8,255
538,442,538,443,409,518,607,400,406,517,608,403,406,517,702,574,418,516,25,9,255
576,429,576,431,410,518,703,491,406,517,703,495,406,517,582,646,418,516,25,10,123
626,431,626,431,409,518,658,612,406,517,658,612,406,517,538,616,417,515,25,11,65
683,506,685,506,409,518,580,628,406,517,580,628,406,517,523,594,418,516,25,12,193
647,583,648,584,410,518,549,611,406,517,550,612,406,517,518,580,417,517,25,13,199
598,603,598,602,409,518,534,596,406,517,535,596,406,517,517,576,418,516,25,14,185
576,598,576,599,409,518,525,582,406,517,527,582,406,517,516,576,418,516,25,15,197
550,594,553,593,409,518,522,577,406,518,522,577,406,517,516,565,417,517,25,16,167
538,583,538,584,409,518,521,576,406,518,521,576,406,517,516,555,417,516,25,17,125
534,580,535,580,409,518,518,576,406,517,518,576,406,517,516,554,417,516,25,18,117
531,577,533,576,410,518,518,576,406,517,518,575,406,518,516,552,417,516,25,19,114
528,576,527,576,409,518,518,571,406,517,518,569,406,517,515,550,417,516,25,20,123
526,575,526,576,410,518,518,563,406,517,518,567,406,518,516,550,418,516,25,21,133
526,575,525,574,410,518,518,556,406,517,518,560,406,517,516,549,418,516,25,22,153
524,572,525,569,409,518,517,557,406,517,518,557,406,517,516,548,418,516,25,23,145
523,567,522,567,410,518,517,557,406,517,518,554,406,517,515,548,418,516,25,24,147
522,569,522,564,410,518,517,554,406,517,517,555,406,517,515,548,417,516,25,25,141
520,565,520,564,409,518,517,553,406,517,517,554,406,517,515,547,417,516,25,26,141
518,560,519,563,409,518,517,551,406,517,516,551,406,517,515,545,418,516,25,27,146
519,561,518,561,410,518,517,550,406,518,517,550,406,517,515,540,417,516,25,28,141
518,563,518,557,409,518,516,550,406,517,517,550,406,517,514,539,418,516,25,29,128
519,558,518,559,409,518,516,550,406,517,517,550,406,518,515,539,418,516,25,30,135
518,554,518,559,410,519,516,550,406,517,516,550,406,517,515,539,418,516,25,31,137
551,598,527,575,409,518,542,530,406,517,509,586,406,517,478,521,418,516,26,0,255
424,479,503,533,409,518,555,460,406,517,353,405,406,517,564,454,418,516,26,1,255
465,555,529,560,409,518,622,561,406,517,525,582,406,517,585,458,418,516,26,2,255
493,581,467,490,409,518,496,490,406,517,587,527,406,517,641,509,418,515,26,3,255
506,428,650,459,409,518,603,498,406,517,444,436,406,517,409,561,417,516,26,4,255
497,513,523,535,409,518,465,449,406,517,586,493,406,518,601,487,417,516,26,5,255
511,483,531,536,409,518,542,529,406,517,496,421,406,518,553,460,417,516,26,6,255
521,484,513,486,409,518,526,474,406,518,542,457,406,517,534,437,417,516,26,7,171
523,457,524,458,410,518,538,436,406,517,538,436,406,517,608,379,418,516,26,8,255
536,443,536,443,409,518,599,396,406,517,599,397,406,517,703,572,417,516,26,9,255
573,430,574,431,409,518,703,489,406,517,704,489,406,518,580,651,417,516,26,10,134
622,425,624,423,410,518,658,616,406,517,659,616,406,517,534,616,417,516,26,11,79
687,505,689,505,409,518,577,630,406,517,577,630,406,517,518,593,417,516,26,12,209
650,589,647,589,409,519,544,612,406,517,545,612,406,517,518,580,417,516,26,13,198
596,611,597,611,409,518,532,596,406,517,532,596,406,517,516,576,418,516,26,14,200
575,601,574,601,409,518,523,582,406,517,522,582,406,517,516,576,417,515,26,15,199
549,593,549,595,409,518,521,577,406,517,520,577,406,517,516,562,418,516,26,16,163
538,584,538,583,409,518,518,576,406,517,518,576,406,517,516,554,417,516,26,17,127
532,580,533,580,410,518,518,576,406,517,518,576,406,517,515,554,417,516,26,18,120
530,576,527,577,410,518,518,574,406,517,518,574,406,517,515,550,418,516,26,19,120
526,576,524,576,409,518,518,565,406,517,518,567,406,517,515,550,417,516,26,20,129
524,574,524,574,410,518,517,556,406,517,517,559,406,517,516,549,418,516,26,21,155
524,571,523,574,409,518,517,555,406,517,517,556,406,517,515,549,417,516,26,22,162
522,570,523,570,409,518,517,554,406,517,517,554,406,518,514,549,417,516,26,23,157
521,575,522,565,409,518,516,554,406,517,517,554,406,517,515,548,418,516,26,24,143
520,567,518,563,409,518,516,553,406,517,517,554,406,517,515,545,417,516,26,25,133
518,559,519,565,410,518,516,550,406,517,516,550,406,517,514,540,418,516,26,26,151
518,558,518,563,409,518,516,550,406,517,517,550,406,517,514,539,417,516,26,27,140
518,557,518,559,409,518,517,550,406,517,516,550,406,517,515,538,418,516,26,28,133
518,557,518,555,410,518,516,550,406,518,516,550,406,517,515,538,417,516,26,29,125
518,559,518,558,409,518,516,549,406,517,516,550,406,517,514,538,417,516,26,30,133
518,556,519,555,409,518,517,549,406,517,516,549,406,517,515,538,417,516,26,31,126
675,550,457,658,409,518,456,423,406,517,588,472,406,517,489,546,418,515,27,0,255
553,423,543,479,409,518,565,356,406,517,607,467,406,517,637,623,418,516,27,1,255
455,618,567,484,409,518,551,535,406,517,632,477,406,517,598,474,417,516,27,2,255
521,558,560,515,409,518,479,637,406,517,537,498,406,517,464,478,418,516,27,3,255
548,425,635,535,410,518,573,430,406,517,490,427,406,517,619,511,418,516,27,4,255
608,525,549,510,409,518,498,463,406,517,455,513,406,517,524,449,418,516,27,5,255
521,462,480,529,409,518,550,442,406,517,560,492,406,517,546,489,418,516,27,6,255
532,469,488,504,409,518,517,450,406,517,514,463,406,517,541,460,417,516,27,7,255
523,460,523,459,409,518,537,437,406,517,538,437,406,517,597,377,417,516,27,8,255
534,444,534,445,409,518,594,391,406,517,593,393,406,517,708,562,417,516,27,9,255
567,430,566,429,409,518,707,484,406,517,705,482,406,517,576,660,418,516,27,10,164
619,421,618,420,409,518,659,621,406,517,657,622,406,517,527,617,417,516,27,11,69
691,503,692,502,409,518,576,633,406,517,576,633,406,517,518,591,417,516,27,12,220
650,594,651,594,409,518,538,611,406,517,538,612,406,517,516,578,417,516,27,13,218
595,612,594,612,410,518,527,594,406,517,526,595,406,517,516,576,416,516,27,14,206
567,602,569,602,410,518,522,582,406,517,522,582,406,517,516,574,418,516,27,15,197
545,592,544,593,410,519,518,576,406,517,518,576,406,517,514,557,417,516,27,16,152
535,582,534,582,409,518,518,576,406,517,518,576,406,517,514,554,418,516,27,17,119
528,579,528,579,410,518,518,576,406,517,518,576,406,517,514,551,417,516,27,18,120
526,576,527,576,409,518,517,571,406,517,517,570,406,517,513,550,418,515,27,19,122
525,576,525,576,409,518,517,562,406,517,516,568,406,517,513,549,418,516,27,20,135
523,576,523,576,409,519,516,554,406,517,516,554,406,517,513,548,418,515,27,21,169
521,572,520,573,410,518,516,555,406,517,516,554,406,517,515,549,418,516,27,22,163
519,568,519,570,409,518,516,554,406,517,516,554,406,517,513,546,417,516,27,23,153
518,562,518,564,409,518,516,552,406,517,516,552,406,517,513,541,417,516,27,24,142
518,561,519,557,409,518,516,550,406,517,516,550,406,517,514,539,417,516,27,25,127
518,556,518,560,409,518,516,550,406,517,516,550,406,517,514,538,417,516,27,26,136
518,554,518,556,410,518,516,550,406,517,516,550,406,517,512,538,417,516,27,27,125
518,555,518,557,410,518,516,550,406,517,516,550,406,517,512,538,418,516,27,28,128
518,555,518,556,410,518,516,549,406,518,517,549,406,517,513,538,418,516,27,29,130
518,551,518,551,409,518,516,548,406,517,516,548,406,517,513,538,417,516,27,30,119
518,551,518,553,410,518,516,548,406,517,516,548,406,517,513,538,417,515,27,31,126
514,550,629,545,410,518,531,490,406,517,543,482,406,517,483,456,417,516,28,0,255
570,480,573,406,409,518,611,484,406,517,628,517,406,517,550,597,418,516,28,1,255
583,495,540,558,409,518,509,523,406,517,517,426,406,517,555,546,418,516,28,2,255
490,481,552,541,409,518,566,437,406,518,585,549,406,517,490,516,418,516,28,3,255
445,638,501,493,409,518,472,521,406,517,416,509,406,517,556,560,417,516,28,4,255
556,586,464,560,410,518,424,438,406,517,468,435,406,517,515,544,417,516,28,5,255
519,472,502,414,409,518,582,529,406,518,527,470,406,518,504,475,417,516,28,6,255
528,470,531,497,409,518,495,459,406,517,537,418,406,517,539,405,419,516,28,7,255
523,461,522,467,409,518,536,438,406,517,536,438,406,517,584,374,417,516,28,8,255
531,445,534,445,409,518,584,391,406,517,586,390,406,517,723,553,417,516,28,9,255
565,432,563,431,410,518,710,471,406,517,707,467,406,518,576,662,417,516,28,10,169
614,419,614,418,409,518,657,627,406,517,659,627,406,517,523,616,418,516,28,11,70
694,500,694,500,409,518,576,634,406,517,576,634,406,517,516,587,417,516,28,12,235
651,597,653,597,409,518,535,612,406,517,536,612,406,517,515,576,417,515,28,13,230
590,615,590,614,409,518,522,593,406,517,522,593,406,517,514,576,418,516,28,14,208
562,602,564,602,409,518,518,581,406,517,518,582,406,517,512,571,417,516,28,15,189
538,593,538,594,409,518,518,576,406,517,518,576,406,517,511,554,417,516,28,16,152
533,582,532,583,409,518,518,576,406,517,517,576,406,517,510,553,417,516,28,17,124
528,577,527,580,410,518,517,575,406,517,517,574,406,517,513,550,417,517,28,18,127
525,576,526,576,410,518,516,570,406,517,516,568,406,517,509,550,417,516,28,19,124
523,576,523,575,410,518,516,557,406,517,516,557,406,517,511,548,418,516,28,20,159
521,573,521,573,409,518,516,555,406,517,516,554,406,517,513,548,417,517,28,21,161
519,568,518,569,409,518,516,554,406,517,516,554,406,517,514,547,418,516,28,22,150
518,568,518,564,409,518,516,553,406,517,516,553,406,517,510,542,417,516,28,23,138
518,562,518,567,409,518,516,550,406,517,516,550,406,517,511,538,418,516,28,24,151
518,560,518,560,410,518,516,550,406,517,516,550,406,517,510,538,417,516,28,25,136
518,561,518,559,409,519,516,550,406,517,515,550,406,517,510,538,417,516,28,26,133
518,554,518,555,410,518,516,550,406,517,515,549,406,517,512,538,417,516,28,27,126
518,554,518,555,409,518,516,549,406,517,515,549,406,517,511,538,418,516,28,28,128
518,553,518,554,409,518,516,549,406,517,515,549,406,517,513,538,418,516,28,29,126
518,553,518,551,410,518,516,548,406,518,516,548,406,517,514,538,418,516,28,30,119
517,550,518,551,410,518,516,548,406,517,516,548,406,517,514,538,418,516,28,31,119
406,353,602,455,409,518,594,558,406,517,524,444,406,517,548,629,417,516,29,0,255
591,609,432,461,409,518,562,535,406,517,522,480,406,517,506,508,418,516,29,1,255
457,553,550,596,409,518,480,497,406,517,522,647,406,517,497,475,417,516,29,2,255
596,424,499,556,409,518,488,555,406,517,649,490,406,517,504,498,418,516,29,3,255
494,505,550,436,409,518,499,475,406,517,554,483,406,517,492,502,418,515,29,4,255
610,462,614,377,409,518,515,457,406,517,616,493,406,517,589,520,418,516,29,5,255
604,532,545,493,409,518,526,440,406,517,479,424,406,517,519,510,417,516,29,6,255
582,459,542,446,410,518,531,492,406,517,573,466,406,517,498,464,418,516,29,7,255
522,468,519,462,410,518,535,440,406,517,533,441,406,517,579,372,417,516,29,8,255
532,446,531,446,409,518,581,390,406,518,581,390,406,517,738,545,417,516,29,9,255
554,433,554,434,409,518,711,458,406,517,719,459,406,517,558,667,417,516,29,10,176
612,414,612,412,409,518,658,630,406,518,657,631,406,517,518,615,417,516,29,11,79
697,499,698,499,409,518,564,635,406,517,562,636,406,517,514,587,417,516,29,12,243
653,601,654,599,409,518,533,611,406,517,533,612,406,517,511,577,417,516,29,13,234
586,618,587,620,409,518,521,592,406,517,522,592,406,517,510,576,418,516,29,14,222
558,602,556,604,408,518,518,580,406,517,518,580,406,517,509,564,417,516,29,15,180
538,595,538,594,410,518,517,576,406,517,517,576,406,517,507,554,418,516,29,16,148
531,582,530,582,410,518,516,576,406,518,517,576,406,517,508,551,418,516,29,17,124
525,578,526,577,410,518,516,575,406,517,516,573,406,517,508,550,417,516,29,18,118
523,576,525,575,410,518,516,564,406,517,515,560,406,517,508,548,418,516,29,19,146
519,575,520,576,409,518,516,558,406,517,516,555,406,518,507,548,417,516,29,20,166
519,573,518,573,409,518,515,554,406,517,515,554,406,517,507,547,418,516,29,21,162
519,567,518,569,409,518,515,553,406,517,516,553,406,517,508,541,418,516,29,22,146
518,567,518,564,409,518,515,550,406,517,514,550,406,517,507,539,417,516,29,23,147
518,560,519,568,409,518,516,550,406,518,515,550,406,517,508,538,418,516,29,24,154
518,557,518,559,409,518,514,550,406,517,515,549,406,517,509,538,417,516,29,25,135
517,559,518,554,409,518,515,549,406,517,516,549,406,517,508,538,418,516,29,26,126
518,553,517,555,410,518,515,548,406,517,515,548,406,517,509,538,418,516,29,27,131
517,552,517,552,410,518,515,548,406,517,514,548,406,517,509,538,417,516,29,28,123
517,551,517,550,409,518,514,548,406,517,514,548,406,517,509,538,418,515,29,29,119
517,550,517,551,409,518,515,548,406,517,515,548,406,518,511,538,417,516,29,30,119
517,551,516,551,409,518,514,548,406,517,515,548,406,517,509,538,418,516,29,31,121
467,456,471,435,408,518,460,423,406,517,533,533,406,517,529,460,418,516,30,0,255
607,577,470,518,409,518,526,511,406,517,588,474,406,517,394,551,418,516,30,1,255
416,468,501,592,409,518,531,531,406,517,441,472,406,517,434,507,417,516,30,2,255
584,626,463,544,409,518,535,532,406,517,529,395,405,517,588,635,418,516,30,3,255
560,399,487,495,409,518,501,480,406,517,474,545,406,517,474,497,418,516,30,4,255
455,422,596,390,409,518,534,488,406,517,483,533,406,518,565,530,417,516,30,5,255
499,510,496,556,409,518,545,431,406,518,486,445,406,517,499,517,417,516,30,6,255
448,526,506,370,409,518,549,500,406,517,555,449,406,517,548,378,416,516,30,7,255
518,470,523,467,409,520,532,441,406,517,532,441,406,518,576,372,417,516,30,8,255
527,446,531,446,409,518,577,390,406,517,577,391,406,517,742,540,417,516,30,9,255
550,435,550,435,409,518,718,452,406,517,715,449,406,517,550,675,417,516,30,10,203
607,409,603,407,409,518,655,634,406,517,657,634,406,517,515,614,417,516,30,11,81
699,496,698,496,409,518,554,638,406,517,554,640,406,517,506,583,417,516,30,12,255
654,605,653,604,409,518,525,610,406,517,523,612,406,517,506,576,418,516,30,13,242
583,623,582,620,409,518,518,588,406,517,518,589,406,517,506,576,417,516,30,14,226
550,608,552,608,409,518,517,580,406,517,517,580,406,517,506,556,418,516,30,15,178
534,592,534,593,410,518,516,576,406,517,516,576,406,517,506,554,418,516,30,16,147
527,583,528,583,409,518,516,576,406,517,516,576,406,517,506,550,418,516,30,17,125
524,578,525,577,409,518,516,569,406,518,515,572,406,517,506,549,417,516,30,18,124
521,576,519,576,409,518,515,555,406,517,516,559,406,517,506,549,417,516,30,19,162
518,575,518,574,410,518,515,556,406,517,514,554,406,517,506,547,418,516,30,20,164
518,568,518,570,409,518,515,554,406,517,514,554,406,517,506,543,417,516,30,21,151
518,563,518,566,409,518,514,551,406,518,515,550,406,518,507,539,418,516,30,22,150
518,565,518,561,409,518,514,550,406,517,515,550,406,517,506,538,417,516,30,23,139
518,558,517,563,410,518,515,550,406,517,514,550,406,517,506,538,417,516,30,24,145
517,559,517,555,410,518,514,549,406,517,514,549,406,517,507,538,417,516,30,25,129
517,556,517,554,409,518,513,548,406,517,514,549,406,517,507,538,417,516,30,26,127
517,551,516,550,409,518,513,548,406,517,514,548,406,517,507,538,417,515,30,27,120
516,550,516,550,408,518,514,548,406,517,514,548,406,517,506,538,417,516,30,28,119
516,550,516,551,409,518,514,548,406,517,514,548,406,517,506,538,416,516,30,29,121
516,551,516,549,409,518,513,545,406,517,514,548,406,517,523,538,417,516,30,30,120
517,549,516,549,409,518,513,543,406,517,513,542,406,517,507,538,417,516,30,31,138
524,424,553,372,409,518,623,518,406,517,548,533,406,517,452,495,416,516,31,0,255
487,478,543,505,409,518,482,541,406,517,534,523,405,517,469,552,419,516,31,1,255
453,550,575,454,409,518,563,513,406,517,569,583,406,517,452,530,417,515,31,2,255
616,509,606,425,409,518,571,600,406,517,708,603,406,517,500,605,417,516,31,3,255
649,532,551,419,408,517,474,494,406,517,564,455,406,517,657,532,416,516,31,4,255
476,485,450,532,409,518,507,488,406,517,481,537,406,518,502,499,418,516,31,5,255
447,470,525,414,409,519,466,521,406,517,534,478,406,517,527,526,417,516,31,6,255
521,501,495,467,409,518,478,486,406,517,525,477,406,517,519,434,417,516,31,7,255
490,475,517,448,409,518,538,441,406,517,525,433,406,517,561,373,418,516,31,8,255
526,446,527,447,409,518,576,391,406,518,576,390,406,517,748,529,417,516,31,9,255
549,435,549,436,409,518,712,445,406,517,721,444,406,517,538,676,417,516,31,10,198
598,406,599,406,409,518,655,639,406,517,658,641,406,517,507,614,417,516,31,11,80
700,492,701,494,410,518,549,644,406,517,548,643,406,517,506,582,417,516,31,12,255
652,612,653,612,409,518,522,611,406,517,522,611,406,517,506,576,417,516,31,13,253
580,624,579,625,410,518,518,588,406,517,518,588,406,517,506,573,417,516,31,14,234
548,610,549,610,410,518,516,579,406,517,516,579,406,517,506,558,417,516,31,15,186
534,592,531,592,409,518,516,576,406,517,516,576,406,517,506,553,417,516,31,16,144
525,582,526,582,410,518,515,575,406,517,515,575,406,517,506,550,417,517,31,17,127
523,577,522,577,409,518,515,567,406,517,515,566,406,517,506,549,418,516,31,18,132
519,576,519,576,409,518,515,557,406,517,514,554,406,517,506,548,417,516,31,19,169
518,573,518,573,410,518,514,554,406,517,514,554,406,517,506,543,417,516,31,20,158
518,570,518,572,409,518,514,551,406,517,513,552,406,517,506,539,417,516,31,21,161
517,569,517,568,409,518,513,550,406,517,513,550,406,517,506,538,417,516,31,22,155
517,561,517,563,409,518,512,550,406,517,511,549,406,517,506,538,417,515,31,23,145
516,559,517,556,410,518,513,549,406,517,512,549,406,517,506,538,417,516,31,24,131
516,560,516,555,410,518,514,548,406,517,511,549,406,517,506,538,417,516,31,25,130
516,554,516,556,410,518,513,548,406,517,513,548,406,517,506,538,418,516,31,26,134
516,551,516,550,409,518,512,548,406,517,513,548,406,517,506,538,417,516,31,27,120
516,550,516,550,410,518,513,547,406,517,513,547,406,517,506,538,417,516,31,28,123
516,550,516,550,409,518,512,542,406,517,513,543,406,517,506,538,417,515,31,29,139
516,549,516,549,409,518,514,542,406,517,514,539,406,517,506,538,416,516,31,30,149
516,548,517,549,409,518,513,539,406,517,513,539,406,517,507,538,417,516,31,31,148
